# Temperatura_=_20.0
# Concentracion g/m^3_=_13500.0
# C_Vs_to_Am_M_A/Vsm_=_116720831517.84952
# pendiente_HvsI_1/m_=_3716.3
# ordenada_HvsI_A/m_=_1297.0
# frecuencia_Hz_=_81359.95964814664
# Promedio de 25 ciclos

Tiempo_(s)	Campo_(V.s)	Magnetizacion_(V.s)	Campo_(kA/m)	Magnetizacion_(A/m)
0.000000e+00	-6.331254e-09	-5.114903e-09	-5.697627e+01	-6.162794e+02
1.000000e-08	-6.331279e-09	-5.106800e-09	-5.697650e+01	-6.158972e+02
2.000000e-08	-6.331159e-09	-5.102008e-09	-5.697542e+01	-6.154976e+02
3.000000e-08	-6.330946e-09	-5.103008e-09	-5.697350e+01	-6.150809e+02
4.000000e-08	-6.330552e-09	-5.102531e-09	-5.696995e+01	-6.146480e+02
5.000000e-08	-6.329937e-09	-5.101812e-09	-5.696442e+01	-6.141994e+02
6.000000e-08	-6.329139e-09	-5.101517e-09	-5.695724e+01	-6.137359e+02
7.000000e-08	-6.328190e-09	-5.104439e-09	-5.694870e+01	-6.132584e+02
8.000000e-08	-6.327085e-09	-5.109663e-09	-5.693875e+01	-6.127677e+02
9.000000e-08	-6.325773e-09	-5.113425e-09	-5.692695e+01	-6.122647e+02
1.000000e-07	-6.324193e-09	-5.105093e-09	-5.691273e+01	-6.117504e+02
1.100000e-07	-6.322401e-09	-5.159133e-09	-5.689661e+01	-6.112258e+02
1.200000e-07	-6.320577e-09	-5.324314e-09	-5.688019e+01	-6.106920e+02
1.300000e-07	-6.318780e-09	-5.336089e-09	-5.686402e+01	-6.101501e+02
1.400000e-07	-6.316861e-09	-5.270909e-09	-5.684675e+01	-6.096012e+02
1.500000e-07	-6.314660e-09	-5.281101e-09	-5.682694e+01	-6.090465e+02
1.600000e-07	-6.312206e-09	-5.243866e-09	-5.680485e+01	-6.084873e+02
1.700000e-07	-6.309573e-09	-5.186215e-09	-5.678116e+01	-6.079247e+02
1.800000e-07	-6.306726e-09	-5.130621e-09	-5.675554e+01	-6.073599e+02
1.900000e-07	-6.303626e-09	-5.156153e-09	-5.672765e+01	-6.067942e+02
2.000000e-07	-6.300332e-09	-5.183364e-09	-5.669800e+01	-6.062288e+02
2.100000e-07	-6.296894e-09	-5.167758e-09	-5.666706e+01	-6.056650e+02
2.200000e-07	-6.293324e-09	-5.186947e-09	-5.663493e+01	-6.051039e+02
2.300000e-07	-6.289622e-09	-5.191136e-09	-5.660162e+01	-6.045468e+02
2.400000e-07	-6.285730e-09	-5.192753e-09	-5.656659e+01	-6.039949e+02
2.500000e-07	-6.281659e-09	-5.184953e-09	-5.652995e+01	-6.034492e+02
2.600000e-07	-6.277454e-09	-5.195397e-09	-5.649212e+01	-6.029110e+02
2.700000e-07	-6.273132e-09	-5.205899e-09	-5.645323e+01	-6.023812e+02
2.800000e-07	-6.268662e-09	-5.186065e-09	-5.641299e+01	-6.018609e+02
2.900000e-07	-6.264012e-09	-5.183918e-09	-5.637115e+01	-6.013510e+02
3.000000e-07	-6.259228e-09	-5.186570e-09	-5.632810e+01	-6.008526e+02
3.100000e-07	-6.254322e-09	-5.175976e-09	-5.628394e+01	-6.003663e+02
3.200000e-07	-6.249238e-09	-5.150765e-09	-5.623820e+01	-5.998930e+02
3.300000e-07	-6.243913e-09	-5.174887e-09	-5.619027e+01	-5.994334e+02
3.400000e-07	-6.238384e-09	-5.194740e-09	-5.614052e+01	-5.989880e+02
3.500000e-07	-6.232716e-09	-5.188223e-09	-5.608951e+01	-5.985575e+02
3.600000e-07	-6.226930e-09	-5.191987e-09	-5.603744e+01	-5.981423e+02
3.700000e-07	-6.221012e-09	-5.183754e-09	-5.598418e+01	-5.977428e+02
3.800000e-07	-6.214931e-09	-5.160526e-09	-5.592946e+01	-5.973592e+02
3.900000e-07	-6.208686e-09	-5.143561e-09	-5.587326e+01	-5.969916e+02
4.000000e-07	-6.202277e-09	-5.153712e-09	-5.581558e+01	-5.966403e+02
4.100000e-07	-6.195722e-09	-5.151110e-09	-5.575660e+01	-5.963053e+02
4.200000e-07	-6.189008e-09	-5.157915e-09	-5.569618e+01	-5.959863e+02
4.300000e-07	-6.182116e-09	-5.174800e-09	-5.563415e+01	-5.956833e+02
4.400000e-07	-6.175044e-09	-5.170805e-09	-5.557051e+01	-5.953959e+02
4.500000e-07	-6.167797e-09	-5.161914e-09	-5.550529e+01	-5.951238e+02
4.600000e-07	-6.160397e-09	-5.150100e-09	-5.543869e+01	-5.948665e+02
4.700000e-07	-6.152837e-09	-5.137859e-09	-5.537067e+01	-5.946235e+02
4.800000e-07	-6.145119e-09	-5.123709e-09	-5.530121e+01	-5.943942e+02
4.900000e-07	-6.137240e-09	-5.125081e-09	-5.523030e+01	-5.941778e+02
5.000000e-07	-6.129211e-09	-5.127074e-09	-5.515804e+01	-5.939737e+02
5.100000e-07	-6.121056e-09	-5.128356e-09	-5.508466e+01	-5.937809e+02
5.200000e-07	-6.112762e-09	-5.134862e-09	-5.501002e+01	-5.935985e+02
5.300000e-07	-6.104290e-09	-5.129234e-09	-5.493378e+01	-5.934255e+02
5.400000e-07	-6.095601e-09	-5.124185e-09	-5.485559e+01	-5.932610e+02
5.500000e-07	-6.086711e-09	-5.117224e-09	-5.477558e+01	-5.931038e+02
5.600000e-07	-6.077662e-09	-5.116510e-09	-5.469414e+01	-5.929529e+02
5.700000e-07	-6.068472e-09	-5.116136e-09	-5.461144e+01	-5.928071e+02
5.800000e-07	-6.059136e-09	-5.112687e-09	-5.452743e+01	-5.926653e+02
5.900000e-07	-6.049647e-09	-5.110432e-09	-5.444203e+01	-5.925261e+02
6.000000e-07	-6.040008e-09	-5.103777e-09	-5.435529e+01	-5.923885e+02
6.100000e-07	-6.030206e-09	-5.096677e-09	-5.426708e+01	-5.922512e+02
6.200000e-07	-6.020220e-09	-5.083049e-09	-5.417722e+01	-5.921129e+02
6.300000e-07	-6.010022e-09	-5.075802e-09	-5.408544e+01	-5.919726e+02
6.400000e-07	-5.999614e-09	-5.079481e-09	-5.399178e+01	-5.918289e+02
6.500000e-07	-5.989018e-09	-5.087809e-09	-5.389642e+01	-5.916808e+02
6.600000e-07	-5.978247e-09	-5.092571e-09	-5.379949e+01	-5.915271e+02
6.700000e-07	-5.967324e-09	-5.086599e-09	-5.370119e+01	-5.913667e+02
6.800000e-07	-5.956253e-09	-5.075115e-09	-5.360156e+01	-5.911985e+02
6.900000e-07	-5.945037e-09	-5.061306e-09	-5.350063e+01	-5.910215e+02
7.000000e-07	-5.933677e-09	-5.054048e-09	-5.339840e+01	-5.908348e+02
7.100000e-07	-5.922164e-09	-5.051897e-09	-5.329479e+01	-5.906374e+02
7.200000e-07	-5.910472e-09	-5.053968e-09	-5.318957e+01	-5.904286e+02
7.300000e-07	-5.898604e-09	-5.061471e-09	-5.308277e+01	-5.902076e+02
7.400000e-07	-5.886575e-09	-5.068936e-09	-5.297452e+01	-5.899736e+02
7.500000e-07	-5.874395e-09	-5.070589e-09	-5.286491e+01	-5.897260e+02
7.600000e-07	-5.862082e-09	-5.063396e-09	-5.275410e+01	-5.894644e+02
7.700000e-07	-5.849633e-09	-5.050994e-09	-5.264207e+01	-5.891882e+02
7.800000e-07	-5.837044e-09	-5.037755e-09	-5.252877e+01	-5.888971e+02
7.900000e-07	-5.824307e-09	-5.028260e-09	-5.241415e+01	-5.885908e+02
8.000000e-07	-5.811430e-09	-5.025383e-09	-5.229827e+01	-5.882690e+02
8.100000e-07	-5.798407e-09	-5.029188e-09	-5.218107e+01	-5.879317e+02
8.200000e-07	-5.785210e-09	-5.035358e-09	-5.206231e+01	-5.875788e+02
8.300000e-07	-5.771830e-09	-5.039001e-09	-5.194190e+01	-5.872104e+02
8.400000e-07	-5.758282e-09	-5.038799e-09	-5.181998e+01	-5.868265e+02
8.500000e-07	-5.744597e-09	-5.032922e-09	-5.169683e+01	-5.864274e+02
8.600000e-07	-5.730783e-09	-5.024003e-09	-5.157251e+01	-5.860133e+02
8.700000e-07	-5.716837e-09	-5.016712e-09	-5.144701e+01	-5.855846e+02
8.800000e-07	-5.702754e-09	-5.013987e-09	-5.132028e+01	-5.851417e+02
8.900000e-07	-5.688533e-09	-5.015876e-09	-5.119229e+01	-5.846851e+02
9.000000e-07	-5.674176e-09	-5.018112e-09	-5.106309e+01	-5.842153e+02
9.100000e-07	-5.659678e-09	-5.017475e-09	-5.093263e+01	-5.837329e+02
9.200000e-07	-5.645027e-09	-5.012930e-09	-5.080077e+01	-5.832385e+02
9.300000e-07	-5.630202e-09	-5.006660e-09	-5.066736e+01	-5.827327e+02
9.400000e-07	-5.615206e-09	-4.998801e-09	-5.053241e+01	-5.822164e+02
9.500000e-07	-5.600034e-09	-4.992632e-09	-5.039588e+01	-5.816902e+02
9.600000e-07	-5.584685e-09	-4.989607e-09	-5.025775e+01	-5.811549e+02
9.700000e-07	-5.569174e-09	-4.988571e-09	-5.011816e+01	-5.806113e+02
9.800000e-07	-5.553510e-09	-4.984199e-09	-4.997720e+01	-5.800601e+02
9.900000e-07	-5.537689e-09	-4.978517e-09	-4.983482e+01	-5.795021e+02
1.000000e-06	-5.521699e-09	-4.976624e-09	-4.969092e+01	-5.789381e+02
1.010000e-06	-5.505546e-09	-4.975341e-09	-4.954556e+01	-5.783688e+02
1.020000e-06	-5.489236e-09	-4.975523e-09	-4.939878e+01	-5.777950e+02
1.030000e-06	-5.472786e-09	-4.972374e-09	-4.925075e+01	-5.772173e+02
1.040000e-06	-5.456198e-09	-4.966867e-09	-4.910147e+01	-5.766365e+02
1.050000e-06	-5.439476e-09	-4.958539e-09	-4.895098e+01	-5.760532e+02
1.060000e-06	-5.422631e-09	-4.949883e-09	-4.879939e+01	-5.754680e+02
1.070000e-06	-5.405666e-09	-4.943551e-09	-4.864672e+01	-5.748814e+02
1.080000e-06	-5.388584e-09	-4.937222e-09	-4.849299e+01	-5.742938e+02
1.090000e-06	-5.371375e-09	-4.935947e-09	-4.833812e+01	-5.737058e+02
1.100000e-06	-5.354042e-09	-4.935860e-09	-4.818214e+01	-5.731177e+02
1.110000e-06	-5.336582e-09	-4.932135e-09	-4.802502e+01	-5.725297e+02
1.120000e-06	-5.318998e-09	-4.921798e-09	-4.786678e+01	-5.719421e+02
1.130000e-06	-5.301290e-09	-4.906801e-09	-4.770742e+01	-5.713550e+02
1.140000e-06	-5.283441e-09	-4.894471e-09	-4.754679e+01	-5.707685e+02
1.150000e-06	-5.265441e-09	-4.887582e-09	-4.738481e+01	-5.701826e+02
1.160000e-06	-5.247295e-09	-4.887975e-09	-4.722150e+01	-5.695971e+02
1.170000e-06	-5.229012e-09	-4.887478e-09	-4.705697e+01	-5.690120e+02
1.180000e-06	-5.210586e-09	-4.884375e-09	-4.689115e+01	-5.684269e+02
1.190000e-06	-5.192012e-09	-4.877568e-09	-4.672400e+01	-5.678416e+02
1.200000e-06	-5.173296e-09	-4.865522e-09	-4.655558e+01	-5.672557e+02
1.210000e-06	-5.154457e-09	-4.851230e-09	-4.638603e+01	-5.666686e+02
1.220000e-06	-5.135502e-09	-4.837331e-09	-4.621546e+01	-5.660799e+02
1.230000e-06	-5.116421e-09	-4.831830e-09	-4.604374e+01	-5.654889e+02
1.240000e-06	-5.097212e-09	-4.830319e-09	-4.587088e+01	-5.648950e+02
1.250000e-06	-5.077873e-09	-4.830662e-09	-4.569684e+01	-5.642974e+02
1.260000e-06	-5.058400e-09	-4.826803e-09	-4.552160e+01	-5.636954e+02
1.270000e-06	-5.038785e-09	-4.817992e-09	-4.534508e+01	-5.630881e+02
1.280000e-06	-5.019023e-09	-4.808962e-09	-4.516724e+01	-5.624747e+02
1.290000e-06	-4.999123e-09	-4.799169e-09	-4.498816e+01	-5.618542e+02
1.300000e-06	-4.979093e-09	-4.788845e-09	-4.480790e+01	-5.612258e+02
1.310000e-06	-4.958935e-09	-4.776552e-09	-4.462650e+01	-5.605885e+02
1.320000e-06	-4.938646e-09	-4.767604e-09	-4.444391e+01	-5.599412e+02
1.330000e-06	-4.918234e-09	-4.761161e-09	-4.426021e+01	-5.592831e+02
1.340000e-06	-4.897702e-09	-4.758334e-09	-4.407544e+01	-5.586131e+02
1.350000e-06	-4.877050e-09	-4.754933e-09	-4.388959e+01	-5.579302e+02
1.360000e-06	-4.856279e-09	-4.747726e-09	-4.370267e+01	-5.572335e+02
1.370000e-06	-4.835383e-09	-4.743014e-09	-4.351462e+01	-5.565221e+02
1.380000e-06	-4.814362e-09	-4.738346e-09	-4.332545e+01	-5.557949e+02
1.390000e-06	-4.793203e-09	-4.729953e-09	-4.313504e+01	-5.550512e+02
1.400000e-06	-4.771914e-09	-4.716559e-09	-4.294346e+01	-5.542901e+02
1.410000e-06	-4.750499e-09	-4.703534e-09	-4.275073e+01	-5.535108e+02
1.420000e-06	-4.728957e-09	-4.694149e-09	-4.255687e+01	-5.527125e+02
1.430000e-06	-4.707293e-09	-4.687475e-09	-4.236192e+01	-5.518945e+02
1.440000e-06	-4.685502e-09	-4.679549e-09	-4.216581e+01	-5.510562e+02
1.450000e-06	-4.663589e-09	-4.670442e-09	-4.196862e+01	-5.501971e+02
1.460000e-06	-4.641565e-09	-4.665805e-09	-4.177041e+01	-5.493166e+02
1.470000e-06	-4.619435e-09	-4.663002e-09	-4.157127e+01	-5.484143e+02
1.480000e-06	-4.597195e-09	-4.657834e-09	-4.137112e+01	-5.474900e+02
1.490000e-06	-4.574838e-09	-4.648929e-09	-4.116992e+01	-5.465433e+02
1.500000e-06	-4.552357e-09	-4.640267e-09	-4.096761e+01	-5.455740e+02
1.510000e-06	-4.529754e-09	-4.634507e-09	-4.076420e+01	-5.445821e+02
1.520000e-06	-4.507025e-09	-4.627506e-09	-4.055966e+01	-5.435676e+02
1.530000e-06	-4.484163e-09	-4.616208e-09	-4.035392e+01	-5.425304e+02
1.540000e-06	-4.461174e-09	-4.603923e-09	-4.014704e+01	-5.414709e+02
1.550000e-06	-4.438064e-09	-4.595459e-09	-3.993907e+01	-5.403892e+02
1.560000e-06	-4.414832e-09	-4.588138e-09	-3.973000e+01	-5.392857e+02
1.570000e-06	-4.391465e-09	-4.578343e-09	-3.951971e+01	-5.381607e+02
1.580000e-06	-4.367963e-09	-4.568110e-09	-3.930822e+01	-5.370147e+02
1.590000e-06	-4.344351e-09	-4.561582e-09	-3.909573e+01	-5.358483e+02
1.600000e-06	-4.320631e-09	-4.556243e-09	-3.888227e+01	-5.346621e+02
1.610000e-06	-4.296799e-09	-4.544971e-09	-3.866779e+01	-5.334566e+02
1.620000e-06	-4.272857e-09	-4.528148e-09	-3.845234e+01	-5.322328e+02
1.630000e-06	-4.248813e-09	-4.512693e-09	-3.823596e+01	-5.309912e+02
1.640000e-06	-4.224659e-09	-4.503061e-09	-3.801859e+01	-5.297328e+02
1.650000e-06	-4.200391e-09	-4.495601e-09	-3.780020e+01	-5.284583e+02
1.660000e-06	-4.176007e-09	-4.487382e-09	-3.758077e+01	-5.271688e+02
1.670000e-06	-4.151508e-09	-4.480809e-09	-3.736029e+01	-5.258649e+02
1.680000e-06	-4.126903e-09	-4.476419e-09	-3.713887e+01	-5.245478e+02
1.690000e-06	-4.102197e-09	-4.469996e-09	-3.691653e+01	-5.232182e+02
1.700000e-06	-4.077382e-09	-4.459427e-09	-3.669322e+01	-5.218771e+02
1.710000e-06	-4.052458e-09	-4.445149e-09	-3.646892e+01	-5.205254e+02
1.720000e-06	-4.027429e-09	-4.428845e-09	-3.624367e+01	-5.191640e+02
1.730000e-06	-4.002289e-09	-4.416509e-09	-3.601744e+01	-5.177938e+02
1.740000e-06	-3.977050e-09	-4.407357e-09	-3.579031e+01	-5.164155e+02
1.750000e-06	-3.951717e-09	-4.399072e-09	-3.556233e+01	-5.150301e+02
1.760000e-06	-3.926290e-09	-4.391287e-09	-3.533350e+01	-5.136381e+02
1.770000e-06	-3.900766e-09	-4.381370e-09	-3.510381e+01	-5.122404e+02
1.780000e-06	-3.875141e-09	-4.370787e-09	-3.487321e+01	-5.108375e+02
1.790000e-06	-3.849415e-09	-4.357635e-09	-3.464170e+01	-5.094301e+02
1.800000e-06	-3.823587e-09	-4.338803e-09	-3.440926e+01	-5.080185e+02
1.810000e-06	-3.797659e-09	-4.320216e-09	-3.417593e+01	-5.066032e+02
1.820000e-06	-3.771630e-09	-4.306002e-09	-3.394169e+01	-5.051846e+02
1.830000e-06	-3.745506e-09	-4.294916e-09	-3.370659e+01	-5.037629e+02
1.840000e-06	-3.719285e-09	-4.285085e-09	-3.347062e+01	-5.023383e+02
1.850000e-06	-3.692968e-09	-4.275129e-09	-3.323380e+01	-5.009108e+02
1.860000e-06	-3.666557e-09	-4.263786e-09	-3.299611e+01	-4.994804e+02
1.870000e-06	-3.640042e-09	-4.249336e-09	-3.275750e+01	-4.980470e+02
1.880000e-06	-3.613431e-09	-4.231144e-09	-3.251803e+01	-4.966104e+02
1.890000e-06	-3.586724e-09	-4.212065e-09	-3.227768e+01	-4.951703e+02
1.900000e-06	-3.559917e-09	-4.196524e-09	-3.203644e+01	-4.937262e+02
1.910000e-06	-3.533021e-09	-4.183520e-09	-3.179440e+01	-4.922778e+02
1.920000e-06	-3.506044e-09	-4.170977e-09	-3.155163e+01	-4.908244e+02
1.930000e-06	-3.478987e-09	-4.156849e-09	-3.130813e+01	-4.893654e+02
1.940000e-06	-3.451845e-09	-4.140270e-09	-3.106387e+01	-4.879001e+02
1.950000e-06	-3.424610e-09	-4.124379e-09	-3.081878e+01	-4.864275e+02
1.960000e-06	-3.397280e-09	-4.109785e-09	-3.057284e+01	-4.849469e+02
1.970000e-06	-3.369857e-09	-4.096181e-09	-3.032605e+01	-4.834573e+02
1.980000e-06	-3.342344e-09	-4.084082e-09	-3.007845e+01	-4.819576e+02
1.990000e-06	-3.314734e-09	-4.071815e-09	-2.982999e+01	-4.804469e+02
2.000000e-06	-3.287025e-09	-4.057910e-09	-2.958063e+01	-4.789239e+02
2.010000e-06	-3.259228e-09	-4.043756e-09	-2.933048e+01	-4.773876e+02
2.020000e-06	-3.231344e-09	-4.029028e-09	-2.907955e+01	-4.758368e+02
2.030000e-06	-3.203365e-09	-4.012093e-09	-2.882776e+01	-4.742702e+02
2.040000e-06	-3.175286e-09	-3.996049e-09	-2.857506e+01	-4.726867e+02
2.050000e-06	-3.147108e-09	-3.983733e-09	-2.832148e+01	-4.710851e+02
2.060000e-06	-3.118831e-09	-3.973298e-09	-2.806702e+01	-4.694640e+02
2.070000e-06	-3.090459e-09	-3.960969e-09	-2.781170e+01	-4.678225e+02
2.080000e-06	-3.062004e-09	-3.946133e-09	-2.755562e+01	-4.661591e+02
2.090000e-06	-3.033468e-09	-3.929471e-09	-2.729882e+01	-4.644729e+02
2.100000e-06	-3.004850e-09	-3.911887e-09	-2.704128e+01	-4.627626e+02
2.110000e-06	-2.976153e-09	-3.896058e-09	-2.678303e+01	-4.610273e+02
2.120000e-06	-2.947375e-09	-3.883943e-09	-2.652405e+01	-4.592659e+02
2.130000e-06	-2.918513e-09	-3.873186e-09	-2.626431e+01	-4.574774e+02
2.140000e-06	-2.889571e-09	-3.862416e-09	-2.600386e+01	-4.556609e+02
2.150000e-06	-2.860556e-09	-3.851219e-09	-2.574275e+01	-4.538157e+02
2.160000e-06	-2.831466e-09	-3.838445e-09	-2.548096e+01	-4.519410e+02
2.170000e-06	-2.802298e-09	-3.822931e-09	-2.521847e+01	-4.500362e+02
2.180000e-06	-2.773057e-09	-3.804385e-09	-2.495533e+01	-4.481006e+02
2.190000e-06	-2.743752e-09	-3.785626e-09	-2.469161e+01	-4.461337e+02
2.200000e-06	-2.714378e-09	-3.768179e-09	-2.442727e+01	-4.441353e+02
2.210000e-06	-2.684935e-09	-3.752107e-09	-2.416230e+01	-4.421050e+02
2.220000e-06	-2.655430e-09	-3.735845e-09	-2.389678e+01	-4.400425e+02
2.230000e-06	-2.625865e-09	-3.720549e-09	-2.363072e+01	-4.379478e+02
2.240000e-06	-2.596241e-09	-3.705818e-09	-2.336412e+01	-4.358209e+02
2.250000e-06	-2.566561e-09	-3.687671e-09	-2.309702e+01	-4.336617e+02
2.260000e-06	-2.536826e-09	-3.669527e-09	-2.282944e+01	-4.314706e+02
2.270000e-06	-2.507032e-09	-3.652554e-09	-2.256131e+01	-4.292477e+02
2.280000e-06	-2.477179e-09	-3.632843e-09	-2.229266e+01	-4.269933e+02
2.290000e-06	-2.447263e-09	-3.610770e-09	-2.202344e+01	-4.247078e+02
2.300000e-06	-2.417283e-09	-3.590193e-09	-2.175364e+01	-4.223917e+02
2.310000e-06	-2.387244e-09	-3.574192e-09	-2.148331e+01	-4.200455e+02
2.320000e-06	-2.357147e-09	-3.559672e-09	-2.121246e+01	-4.176698e+02
2.330000e-06	-2.326995e-09	-3.542818e-09	-2.094112e+01	-4.152652e+02
2.340000e-06	-2.296798e-09	-3.522178e-09	-2.066937e+01	-4.128323e+02
2.350000e-06	-2.266544e-09	-3.499011e-09	-2.039711e+01	-4.103717e+02
2.360000e-06	-2.236231e-09	-3.476194e-09	-2.012432e+01	-4.078842e+02
2.370000e-06	-2.205861e-09	-3.455122e-09	-1.985101e+01	-4.053705e+02
2.380000e-06	-2.175434e-09	-3.433673e-09	-1.957719e+01	-4.028311e+02
2.390000e-06	-2.144949e-09	-3.411182e-09	-1.930285e+01	-4.002667e+02
2.400000e-06	-2.114404e-09	-3.389458e-09	-1.902797e+01	-3.976779e+02
2.410000e-06	-2.083797e-09	-3.369027e-09	-1.875253e+01	-3.950652e+02
2.420000e-06	-2.053124e-09	-3.348806e-09	-1.847649e+01	-3.924292e+02
2.430000e-06	-2.022390e-09	-3.326637e-09	-1.819991e+01	-3.897703e+02
2.440000e-06	-1.991601e-09	-3.302229e-09	-1.792284e+01	-3.870886e+02
2.450000e-06	-1.960750e-09	-3.278511e-09	-1.764521e+01	-3.843846e+02
2.460000e-06	-1.929846e-09	-3.259206e-09	-1.736710e+01	-3.816582e+02
2.470000e-06	-1.898899e-09	-3.239129e-09	-1.708860e+01	-3.789095e+02
2.480000e-06	-1.867901e-09	-3.214888e-09	-1.680964e+01	-3.761383e+02
2.490000e-06	-1.836856e-09	-3.189648e-09	-1.653026e+01	-3.733443e+02
2.500000e-06	-1.805764e-09	-3.165971e-09	-1.625046e+01	-3.705271e+02
2.510000e-06	-1.774622e-09	-3.142038e-09	-1.597021e+01	-3.676860e+02
2.520000e-06	-1.743437e-09	-3.112330e-09	-1.568956e+01	-3.648202e+02
2.530000e-06	-1.712211e-09	-3.080061e-09	-1.540855e+01	-3.619288e+02
2.540000e-06	-1.680936e-09	-3.052658e-09	-1.512710e+01	-3.590105e+02
2.550000e-06	-1.649611e-09	-3.032179e-09	-1.484520e+01	-3.560641e+02
2.560000e-06	-1.618240e-09	-3.011473e-09	-1.456289e+01	-3.530879e+02
2.570000e-06	-1.586828e-09	-2.983487e-09	-1.428020e+01	-3.500803e+02
2.580000e-06	-1.555373e-09	-2.952130e-09	-1.399713e+01	-3.470391e+02
2.590000e-06	-1.523870e-09	-2.924346e-09	-1.371363e+01	-3.439624e+02
2.600000e-06	-1.492322e-09	-2.899843e-09	-1.342973e+01	-3.408477e+02
2.610000e-06	-1.460734e-09	-2.872461e-09	-1.314546e+01	-3.376923e+02
2.620000e-06	-1.429115e-09	-2.842523e-09	-1.286091e+01	-3.344937e+02
2.630000e-06	-1.397470e-09	-2.815600e-09	-1.257613e+01	-3.312488e+02
2.640000e-06	-1.365793e-09	-2.791473e-09	-1.229107e+01	-3.279544e+02
2.650000e-06	-1.334082e-09	-2.764796e-09	-1.200569e+01	-3.246072e+02
2.660000e-06	-1.302337e-09	-2.732350e-09	-1.172001e+01	-3.212038e+02
2.670000e-06	-1.270563e-09	-2.697175e-09	-1.143407e+01	-3.177405e+02
2.680000e-06	-1.238760e-09	-2.664456e-09	-1.114786e+01	-3.142135e+02
2.690000e-06	-1.206924e-09	-2.634453e-09	-1.086137e+01	-3.106189e+02
2.700000e-06	-1.175061e-09	-2.603123e-09	-1.057462e+01	-3.069525e+02
2.710000e-06	-1.143169e-09	-2.569570e-09	-1.028762e+01	-3.032103e+02
2.720000e-06	-1.111249e-09	-2.537751e-09	-1.000037e+01	-2.993880e+02
2.730000e-06	-1.079302e-09	-2.508348e-09	-9.712868e+00	-2.954813e+02
2.740000e-06	-1.047329e-09	-2.476059e-09	-9.425141e+00	-2.914859e+02
2.750000e-06	-1.015331e-09	-2.439286e-09	-9.137182e+00	-2.873973e+02
2.760000e-06	-9.833058e-10	-2.400305e-09	-8.848980e+00	-2.832111e+02
2.770000e-06	-9.512576e-10	-2.365335e-09	-8.560571e+00	-2.789230e+02
2.780000e-06	-9.191917e-10	-2.331349e-09	-8.272004e+00	-2.745286e+02
2.790000e-06	-8.871065e-10	-2.294866e-09	-7.983262e+00	-2.700236e+02
2.800000e-06	-8.550006e-10	-2.258119e-09	-7.694334e+00	-2.654038e+02
2.810000e-06	-8.228711e-10	-2.219064e-09	-7.405194e+00	-2.606650e+02
2.820000e-06	-7.907140e-10	-2.179944e-09	-7.115806e+00	-2.558032e+02
2.830000e-06	-7.585367e-10	-2.136566e-09	-6.826235e+00	-2.508147e+02
2.840000e-06	-7.263456e-10	-2.090169e-09	-6.536541e+00	-2.456957e+02
2.850000e-06	-6.941324e-10	-2.046839e-09	-6.246647e+00	-2.404427e+02
2.860000e-06	-6.618977e-10	-2.005971e-09	-5.956561e+00	-2.350525e+02
2.870000e-06	-6.296526e-10	-1.966186e-09	-5.666381e+00	-2.295219e+02
2.880000e-06	-5.973946e-10	-1.924386e-09	-5.376084e+00	-2.238484e+02
2.890000e-06	-5.651220e-10	-1.884634e-09	-5.085657e+00	-2.180292e+02
2.900000e-06	-5.328354e-10	-1.843584e-09	-4.795103e+00	-2.120623e+02
2.910000e-06	-5.005360e-10	-1.796357e-09	-4.504434e+00	-2.059458e+02
2.920000e-06	-4.682306e-10	-1.741145e-09	-4.213711e+00	-1.996780e+02
2.930000e-06	-4.359167e-10	-1.679728e-09	-3.922912e+00	-1.932579e+02
2.940000e-06	-4.035878e-10	-1.623244e-09	-3.631977e+00	-1.866845e+02
2.950000e-06	-3.712476e-10	-1.570894e-09	-3.340941e+00	-1.799575e+02
2.960000e-06	-3.388961e-10	-1.517923e-09	-3.049804e+00	-1.730767e+02
2.970000e-06	-3.065303e-10	-1.461835e-09	-2.758537e+00	-1.660425e+02
2.980000e-06	-2.741512e-10	-1.404347e-09	-2.467151e+00	-1.588557e+02
2.990000e-06	-2.417694e-10	-1.344947e-09	-2.175740e+00	-1.515174e+02
3.000000e-06	-2.093856e-10	-1.279939e-09	-1.884312e+00	-1.440292e+02
3.010000e-06	-1.769941e-10	-1.211040e-09	-1.592815e+00	-1.363931e+02
3.020000e-06	-1.446026e-10	-1.140904e-09	-1.301316e+00	-1.286116e+02
3.030000e-06	-1.122116e-10	-1.075461e-09	-1.009823e+00	-1.206876e+02
3.040000e-06	-7.982013e-11	-1.012757e-09	-7.183262e-01	-1.126244e+02
3.050000e-06	-4.743069e-11	-9.470425e-10	-4.268471e-01	-1.044256e+02
3.060000e-06	-1.504344e-11	-8.773214e-10	-1.353876e-01	-9.609556e+01
3.070000e-06	1.734099e-11	-8.053758e-10	1.560465e-01	-8.763869e+01
3.080000e-06	4.972567e-11	-7.306605e-10	4.474827e-01	-7.905999e+01
3.090000e-06	8.211110e-11	-6.509469e-10	7.389257e-01	-7.036482e+01
3.100000e-06	1.144962e-10	-5.702412e-10	1.030366e+00	-6.155888e+01
3.110000e-06	1.468788e-10	-4.887927e-10	1.321784e+00	-5.264828e+01
3.120000e-06	1.792554e-10	-4.062097e-10	1.613147e+00	-4.363944e+01
3.130000e-06	2.116313e-10	-3.234970e-10	1.904505e+00	-3.453911e+01
3.140000e-06	2.440006e-10	-2.444166e-10	2.195802e+00	-2.535437e+01
3.150000e-06	2.763616e-10	-1.655228e-10	2.487025e+00	-1.609256e+01
3.160000e-06	3.087174e-10	-8.194702e-11	2.778202e+00	-6.761309e+00
3.170000e-06	3.410631e-10	2.712180e-12	3.069287e+00	2.631540e+00
3.180000e-06	3.733954e-10	8.729055e-11	3.360252e+00	1.207791e+01
3.190000e-06	4.057096e-10	1.721984e-10	3.651054e+00	2.156954e+01
3.200000e-06	4.380114e-10	2.593595e-10	3.941745e+00	3.109800e+01
3.210000e-06	4.703039e-10	3.474118e-10	4.232352e+00	4.065473e+01
3.220000e-06	5.025846e-10	4.330769e-10	4.522853e+00	5.023106e+01
3.230000e-06	5.348578e-10	5.141111e-10	4.813286e+00	5.981824e+01
3.240000e-06	5.671193e-10	5.945083e-10	5.103613e+00	6.940746e+01
3.250000e-06	5.993626e-10	6.779181e-10	5.393778e+00	7.898989e+01
3.260000e-06	6.315900e-10	7.613762e-10	5.683799e+00	8.855672e+01
3.270000e-06	6.638064e-10	8.433453e-10	5.973721e+00	9.809917e+01
3.280000e-06	6.960068e-10	9.226473e-10	6.263499e+00	1.076085e+02
3.290000e-06	7.281826e-10	1.002313e-09	6.553056e+00	1.170761e+02
3.300000e-06	7.603357e-10	1.085449e-09	6.842409e+00	1.264934e+02
3.310000e-06	7.924702e-10	1.168777e-09	7.131593e+00	1.358522e+02
3.320000e-06	8.245870e-10	1.249205e-09	7.420619e+00	1.451441e+02
3.330000e-06	8.566813e-10	1.324289e-09	7.709443e+00	1.543612e+02
3.340000e-06	8.887557e-10	1.396415e-09	7.998087e+00	1.634958e+02
3.350000e-06	9.208099e-10	1.469992e-09	8.286550e+00	1.725403e+02
3.360000e-06	9.528390e-10	1.546453e-09	8.574786e+00	1.814875e+02
3.370000e-06	9.848437e-10	1.622590e-09	8.862803e+00	1.903304e+02
3.380000e-06	1.016823e-09	1.695454e-09	9.150590e+00	1.990624e+02
3.390000e-06	1.048778e-09	1.766751e-09	9.438164e+00	2.076772e+02
3.400000e-06	1.080707e-09	1.838162e-09	9.725498e+00	2.161687e+02
3.410000e-06	1.112607e-09	1.911701e-09	1.001257e+01	2.245314e+02
3.420000e-06	1.144479e-09	1.982700e-09	1.029939e+01	2.327601e+02
3.430000e-06	1.176321e-09	2.049521e-09	1.058595e+01	2.408498e+02
3.440000e-06	1.208135e-09	2.114305e-09	1.087225e+01	2.487963e+02
3.450000e-06	1.239919e-09	2.179729e-09	1.115828e+01	2.565953e+02
3.460000e-06	1.271670e-09	2.245084e-09	1.144402e+01	2.642433e+02
3.470000e-06	1.303389e-09	2.305691e-09	1.172947e+01	2.717370e+02
3.480000e-06	1.335080e-09	2.363461e-09	1.201466e+01	2.790737e+02
3.490000e-06	1.366741e-09	2.423312e-09	1.229958e+01	2.862510e+02
3.500000e-06	1.398368e-09	2.487644e-09	1.258420e+01	2.932669e+02
3.510000e-06	1.429960e-09	2.549195e-09	1.286851e+01	3.001198e+02
3.520000e-06	1.461516e-09	2.604761e-09	1.315248e+01	3.068087e+02
3.530000e-06	1.493034e-09	2.659612e-09	1.343612e+01	3.133328e+02
3.540000e-06	1.524515e-09	2.715643e-09	1.371942e+01	3.196919e+02
3.550000e-06	1.555947e-09	2.770894e-09	1.400228e+01	3.258858e+02
3.560000e-06	1.587333e-09	2.821105e-09	1.428473e+01	3.319152e+02
3.570000e-06	1.618674e-09	2.867864e-09	1.456678e+01	3.377809e+02
3.580000e-06	1.649967e-09	2.914718e-09	1.484839e+01	3.434839e+02
3.590000e-06	1.681216e-09	2.962879e-09	1.512961e+01	3.490258e+02
3.600000e-06	1.712425e-09	3.008744e-09	1.541047e+01	3.544085e+02
3.610000e-06	1.743591e-09	3.049181e-09	1.569093e+01	3.596341e+02
3.620000e-06	1.774707e-09	3.088759e-09	1.597095e+01	3.647050e+02
3.630000e-06	1.805778e-09	3.128939e-09	1.625056e+01	3.696240e+02
3.640000e-06	1.836799e-09	3.167305e-09	1.652974e+01	3.743940e+02
3.650000e-06	1.867771e-09	3.201761e-09	1.680845e+01	3.790182e+02
3.660000e-06	1.898692e-09	3.236082e-09	1.708672e+01	3.835000e+02
3.670000e-06	1.929564e-09	3.272943e-09	1.736454e+01	3.878431e+02
3.680000e-06	1.960387e-09	3.308097e-09	1.764192e+01	3.920511e+02
3.690000e-06	1.991149e-09	3.339658e-09	1.791876e+01	3.961281e+02
3.700000e-06	2.021846e-09	3.368759e-09	1.819500e+01	4.000781e+02
3.710000e-06	2.052481e-09	3.398416e-09	1.847070e+01	4.039053e+02
3.720000e-06	2.083060e-09	3.430492e-09	1.874588e+01	4.076139e+02
3.730000e-06	2.113575e-09	3.464268e-09	1.902049e+01	4.112082e+02
3.740000e-06	2.144029e-09	3.495861e-09	1.929456e+01	4.146927e+02
3.750000e-06	2.174426e-09	3.521946e-09	1.956810e+01	4.180717e+02
3.760000e-06	2.204760e-09	3.545744e-09	1.984108e+01	4.213496e+02
3.770000e-06	2.235035e-09	3.572245e-09	2.011353e+01	4.245309e+02
3.780000e-06	2.265253e-09	3.598483e-09	2.038547e+01	4.276199e+02
3.790000e-06	2.295417e-09	3.622124e-09	2.065693e+01	4.306209e+02
3.800000e-06	2.325527e-09	3.644823e-09	2.092789e+01	4.335383e+02
3.810000e-06	2.355582e-09	3.669095e-09	2.119836e+01	4.363762e+02
3.820000e-06	2.385574e-09	3.696350e-09	2.146827e+01	4.391386e+02
3.830000e-06	2.415512e-09	3.719998e-09	2.173769e+01	4.418297e+02
3.840000e-06	2.445392e-09	3.738589e-09	2.200658e+01	4.444532e+02
3.850000e-06	2.475201e-09	3.756855e-09	2.227484e+01	4.470130e+02
3.860000e-06	2.504951e-09	3.779481e-09	2.254257e+01	4.495127e+02
3.870000e-06	2.534642e-09	3.803783e-09	2.280976e+01	4.519557e+02
3.880000e-06	2.564276e-09	3.825376e-09	2.307645e+01	4.543454e+02
3.890000e-06	2.593852e-09	3.846667e-09	2.334261e+01	4.566849e+02
3.900000e-06	2.623366e-09	3.868335e-09	2.360821e+01	4.589772e+02
3.910000e-06	2.652812e-09	3.890897e-09	2.387320e+01	4.612251e+02
3.920000e-06	2.682195e-09	3.911223e-09	2.413762e+01	4.634314e+02
3.930000e-06	2.711510e-09	3.924821e-09	2.440144e+01	4.655985e+02
3.940000e-06	2.740753e-09	3.935796e-09	2.466460e+01	4.677286e+02
3.950000e-06	2.769930e-09	3.952314e-09	2.492717e+01	4.698240e+02
3.960000e-06	2.799038e-09	3.973810e-09	2.518913e+01	4.718865e+02
3.970000e-06	2.828066e-09	3.992836e-09	2.545035e+01	4.739180e+02
3.980000e-06	2.857016e-09	4.006971e-09	2.571088e+01	4.759201e+02
3.990000e-06	2.885895e-09	4.021224e-09	2.597076e+01	4.778943e+02
4.000000e-06	2.914691e-09	4.039216e-09	2.622991e+01	4.798418e+02
4.010000e-06	2.943408e-09	4.057308e-09	2.648833e+01	4.817639e+02
4.020000e-06	2.972044e-09	4.072860e-09	2.674604e+01	4.836614e+02
4.030000e-06	3.000603e-09	4.087671e-09	2.700305e+01	4.855352e+02
4.040000e-06	3.029087e-09	4.105979e-09	2.725938e+01	4.873862e+02
4.050000e-06	3.057487e-09	4.124909e-09	2.751496e+01	4.892148e+02
4.060000e-06	3.085797e-09	4.138793e-09	2.776972e+01	4.910216e+02
4.070000e-06	3.114009e-09	4.149731e-09	2.802361e+01	4.928069e+02
4.080000e-06	3.142134e-09	4.162886e-09	2.827671e+01	4.945710e+02
4.090000e-06	3.170170e-09	4.181614e-09	2.852902e+01	4.963141e+02
4.100000e-06	3.198116e-09	4.200111e-09	2.878051e+01	4.980363e+02
4.110000e-06	3.225971e-09	4.214658e-09	2.903118e+01	4.997377e+02
4.120000e-06	3.253738e-09	4.227803e-09	2.928106e+01	5.014181e+02
4.130000e-06	3.281419e-09	4.242396e-09	2.953017e+01	5.030776e+02
4.140000e-06	3.309005e-09	4.257259e-09	2.977842e+01	5.047160e+02
4.150000e-06	3.336496e-09	4.269136e-09	3.002581e+01	5.063331e+02
4.160000e-06	3.363889e-09	4.281215e-09	3.027233e+01	5.079287e+02
4.170000e-06	3.391186e-09	4.293905e-09	3.051798e+01	5.095027e+02
4.180000e-06	3.418393e-09	4.307593e-09	3.076282e+01	5.110548e+02
4.190000e-06	3.445512e-09	4.321076e-09	3.100688e+01	5.125848e+02
4.200000e-06	3.472548e-09	4.331954e-09	3.125018e+01	5.140924e+02
4.210000e-06	3.499501e-09	4.343062e-09	3.149273e+01	5.155776e+02
4.220000e-06	3.526373e-09	4.355576e-09	3.173456e+01	5.170400e+02
4.230000e-06	3.553165e-09	4.367969e-09	3.197566e+01	5.184796e+02
4.240000e-06	3.579863e-09	4.378236e-09	3.221593e+01	5.198962e+02
4.250000e-06	3.606459e-09	4.388822e-09	3.245527e+01	5.212896e+02
4.260000e-06	3.632959e-09	4.399978e-09	3.269375e+01	5.226599e+02
4.270000e-06	3.659360e-09	4.409309e-09	3.293134e+01	5.240070e+02
4.280000e-06	3.685661e-09	4.418518e-09	3.316803e+01	5.253309e+02
4.290000e-06	3.711868e-09	4.428936e-09	3.340387e+01	5.266316e+02
4.300000e-06	3.737983e-09	4.441912e-09	3.363888e+01	5.279094e+02
4.310000e-06	3.764002e-09	4.456322e-09	3.387303e+01	5.291642e+02
4.320000e-06	3.789918e-09	4.471736e-09	3.410625e+01	5.303965e+02
4.330000e-06	3.815735e-09	4.486105e-09	3.433859e+01	5.316063e+02
4.340000e-06	3.841454e-09	4.495208e-09	3.457004e+01	5.327941e+02
4.350000e-06	3.867069e-09	4.502897e-09	3.480055e+01	5.339601e+02
4.360000e-06	3.892581e-09	4.513690e-09	3.503014e+01	5.351048e+02
4.370000e-06	3.918004e-09	4.526268e-09	3.525893e+01	5.362286e+02
4.380000e-06	3.943342e-09	4.537808e-09	3.548695e+01	5.373320e+02
4.390000e-06	3.968588e-09	4.547262e-09	3.571415e+01	5.384154e+02
4.400000e-06	3.993748e-09	4.556304e-09	3.594056e+01	5.394796e+02
4.410000e-06	4.018808e-09	4.566482e-09	3.616609e+01	5.405251e+02
4.420000e-06	4.043758e-09	4.576127e-09	3.639062e+01	5.415525e+02
4.430000e-06	4.068597e-09	4.585787e-09	3.661415e+01	5.425624e+02
4.440000e-06	4.093330e-09	4.597653e-09	3.683672e+01	5.435555e+02
4.450000e-06	4.117959e-09	4.611608e-09	3.705836e+01	5.445326e+02
4.460000e-06	4.142482e-09	4.623790e-09	3.727906e+01	5.454944e+02
4.470000e-06	4.166894e-09	4.631800e-09	3.749874e+01	5.464415e+02
4.480000e-06	4.191186e-09	4.637930e-09	3.771735e+01	5.473747e+02
4.490000e-06	4.215360e-09	4.644094e-09	3.793490e+01	5.482947e+02
4.500000e-06	4.239424e-09	4.652167e-09	3.815145e+01	5.492023e+02
4.510000e-06	4.263378e-09	4.661536e-09	3.836702e+01	5.500982e+02
4.520000e-06	4.287217e-09	4.672352e-09	3.858155e+01	5.509831e+02
4.530000e-06	4.310953e-09	4.684916e-09	3.879516e+01	5.518577e+02
4.540000e-06	4.334588e-09	4.696404e-09	3.900786e+01	5.527227e+02
4.550000e-06	4.358103e-09	4.706249e-09	3.921948e+01	5.535788e+02
4.560000e-06	4.381488e-09	4.713034e-09	3.942992e+01	5.544265e+02
4.570000e-06	4.404741e-09	4.718812e-09	3.963918e+01	5.552666e+02
4.580000e-06	4.427870e-09	4.727199e-09	3.984732e+01	5.560996e+02
4.590000e-06	4.450879e-09	4.736613e-09	4.005438e+01	5.569261e+02
4.600000e-06	4.473760e-09	4.746101e-09	4.026029e+01	5.577466e+02
4.610000e-06	4.496507e-09	4.755981e-09	4.046499e+01	5.585616e+02
4.620000e-06	4.519126e-09	4.768023e-09	4.066855e+01	5.593716e+02
4.630000e-06	4.541624e-09	4.780079e-09	4.087101e+01	5.601769e+02
4.640000e-06	4.564000e-09	4.787413e-09	4.107238e+01	5.609780e+02
4.650000e-06	4.586266e-09	4.790366e-09	4.127275e+01	5.617752e+02
4.660000e-06	4.608428e-09	4.792868e-09	4.147219e+01	5.625687e+02
4.670000e-06	4.630485e-09	4.799118e-09	4.167069e+01	5.633590e+02
4.680000e-06	4.652440e-09	4.806561e-09	4.186827e+01	5.641461e+02
4.690000e-06	4.674290e-09	4.815968e-09	4.206491e+01	5.649304e+02
4.700000e-06	4.696023e-09	4.826133e-09	4.226048e+01	5.657118e+02
4.710000e-06	4.717629e-09	4.835813e-09	4.245492e+01	5.664906e+02
4.720000e-06	4.739109e-09	4.845454e-09	4.264823e+01	5.672669e+02
4.730000e-06	4.760464e-09	4.851563e-09	4.284041e+01	5.680406e+02
4.740000e-06	4.781693e-09	4.855139e-09	4.303144e+01	5.688117e+02
4.750000e-06	4.802789e-09	4.856233e-09	4.322129e+01	5.695804e+02
4.760000e-06	4.823750e-09	4.858276e-09	4.340992e+01	5.703464e+02
4.770000e-06	4.844577e-09	4.862000e-09	4.359735e+01	5.711098e+02
4.780000e-06	4.865276e-09	4.865208e-09	4.378363e+01	5.718704e+02
4.790000e-06	4.885853e-09	4.872399e-09	4.396881e+01	5.726281e+02
4.800000e-06	4.906317e-09	4.883755e-09	4.415296e+01	5.733829e+02
4.810000e-06	4.926667e-09	4.898520e-09	4.433610e+01	5.741344e+02
4.820000e-06	4.946897e-09	4.912622e-09	4.451815e+01	5.748826e+02
4.830000e-06	4.966991e-09	4.923090e-09	4.469899e+01	5.756273e+02
4.840000e-06	4.986947e-09	4.927433e-09	4.487857e+01	5.763682e+02
4.850000e-06	5.006767e-09	4.927812e-09	4.505694e+01	5.771053e+02
4.860000e-06	5.026453e-09	4.927385e-09	4.523409e+01	5.778382e+02
4.870000e-06	5.045994e-09	4.929486e-09	4.540994e+01	5.785667e+02
4.880000e-06	5.065387e-09	4.937446e-09	4.558447e+01	5.792907e+02
4.890000e-06	5.084646e-09	4.947774e-09	4.575779e+01	5.800099e+02
4.900000e-06	5.103781e-09	4.963118e-09	4.592999e+01	5.807242e+02
4.910000e-06	5.122798e-09	4.976970e-09	4.610112e+01	5.814333e+02
4.920000e-06	5.141696e-09	4.984244e-09	4.627119e+01	5.821370e+02
4.930000e-06	5.160477e-09	4.985657e-09	4.644020e+01	5.828351e+02
4.940000e-06	5.179140e-09	4.984357e-09	4.660815e+01	5.835275e+02
4.950000e-06	5.197678e-09	4.986046e-09	4.677498e+01	5.842139e+02
4.960000e-06	5.216075e-09	4.990722e-09	4.694055e+01	5.848943e+02
4.970000e-06	5.234328e-09	4.999303e-09	4.710480e+01	5.855684e+02
4.980000e-06	5.252438e-09	5.012018e-09	4.726778e+01	5.862361e+02
4.990000e-06	5.270403e-09	5.028683e-09	4.742945e+01	5.868973e+02
5.000000e-06	5.288216e-09	5.043222e-09	4.758975e+01	5.875519e+02
5.010000e-06	5.305883e-09	5.049686e-09	4.774874e+01	5.881998e+02
5.020000e-06	5.323423e-09	5.051532e-09	4.790659e+01	5.888409e+02
5.030000e-06	5.340844e-09	5.053244e-09	4.806337e+01	5.894750e+02
5.040000e-06	5.358140e-09	5.059211e-09	4.821901e+01	5.901022e+02
5.050000e-06	5.375308e-09	5.066324e-09	4.837351e+01	5.907224e+02
5.060000e-06	5.392359e-09	5.075397e-09	4.852696e+01	5.913356e+02
5.070000e-06	5.409291e-09	5.086022e-09	4.867933e+01	5.919417e+02
5.080000e-06	5.426089e-09	5.098540e-09	4.883051e+01	5.925408e+02
5.090000e-06	5.442752e-09	5.109029e-09	4.898045e+01	5.931327e+02
5.100000e-06	5.459275e-09	5.112453e-09	4.912915e+01	5.937176e+02
5.110000e-06	5.475656e-09	5.114983e-09	4.927657e+01	5.942953e+02
5.120000e-06	5.491893e-09	5.121657e-09	4.942269e+01	5.948661e+02
5.130000e-06	5.507985e-09	5.132812e-09	4.956750e+01	5.954298e+02
5.140000e-06	5.523930e-09	5.143712e-09	4.971099e+01	5.959866e+02
5.150000e-06	5.539728e-09	5.149113e-09	4.985317e+01	5.965364e+02
5.160000e-06	5.555383e-09	5.151326e-09	4.999405e+01	5.970793e+02
5.170000e-06	5.570897e-09	5.155434e-09	5.013366e+01	5.976153e+02
5.180000e-06	5.586266e-09	5.160876e-09	5.027197e+01	5.981446e+02
5.190000e-06	5.601476e-09	5.167912e-09	5.040885e+01	5.986671e+02
5.200000e-06	5.616512e-09	5.176629e-09	5.054416e+01	5.991829e+02
5.210000e-06	5.631369e-09	5.188006e-09	5.067786e+01	5.996921e+02
5.220000e-06	5.646057e-09	5.199260e-09	5.081004e+01	6.001947e+02
5.230000e-06	5.660587e-09	5.206038e-09	5.094080e+01	6.006909e+02
5.240000e-06	5.674975e-09	5.206253e-09	5.107027e+01	6.011805e+02
5.250000e-06	5.689221e-09	5.200598e-09	5.119848e+01	6.016638e+02
5.260000e-06	5.703326e-09	5.200570e-09	5.132541e+01	6.021407e+02
5.270000e-06	5.717302e-09	5.209337e-09	5.145119e+01	6.026113e+02
5.280000e-06	5.731152e-09	5.224310e-09	5.157583e+01	6.030757e+02
5.290000e-06	5.744866e-09	5.238629e-09	5.169924e+01	6.035339e+02
5.300000e-06	5.758431e-09	5.246910e-09	5.182132e+01	6.039860e+02
5.310000e-06	5.771833e-09	5.251789e-09	5.194192e+01	6.044320e+02
5.320000e-06	5.785060e-09	5.251598e-09	5.206096e+01	6.048720e+02
5.330000e-06	5.798119e-09	5.249970e-09	5.217847e+01	6.053060e+02
5.340000e-06	5.811028e-09	5.247009e-09	5.229465e+01	6.057340e+02
5.350000e-06	5.823806e-09	5.249313e-09	5.240964e+01	6.061562e+02
5.360000e-06	5.836457e-09	5.258128e-09	5.252349e+01	6.065725e+02
5.370000e-06	5.848970e-09	5.268384e-09	5.263609e+01	6.069830e+02
5.380000e-06	5.861347e-09	5.276542e-09	5.274748e+01	6.073877e+02
5.390000e-06	5.873603e-09	5.279580e-09	5.285778e+01	6.077867e+02
5.400000e-06	5.885725e-09	5.283058e-09	5.296686e+01	6.081801e+02
5.410000e-06	5.897695e-09	5.284356e-09	5.307458e+01	6.085678e+02
5.420000e-06	5.909495e-09	5.286176e-09	5.318077e+01	6.089500e+02
5.430000e-06	5.921106e-09	5.289013e-09	5.328526e+01	6.093266e+02
5.440000e-06	5.932542e-09	5.292801e-09	5.338818e+01	6.096978e+02
5.450000e-06	5.943833e-09	5.299075e-09	5.348979e+01	6.100635e+02
5.460000e-06	5.954991e-09	5.303607e-09	5.359020e+01	6.104239e+02
5.470000e-06	5.966009e-09	5.306516e-09	5.368936e+01	6.107790e+02
5.480000e-06	5.976876e-09	5.306531e-09	5.378715e+01	6.111288e+02
5.490000e-06	5.987591e-09	5.307985e-09	5.388358e+01	6.114734e+02
5.500000e-06	5.998140e-09	5.311264e-09	5.397851e+01	6.118128e+02
5.510000e-06	6.008492e-09	5.316086e-09	5.407167e+01	6.121471e+02
5.520000e-06	6.018632e-09	5.319976e-09	5.416292e+01	6.124764e+02
5.530000e-06	6.028575e-09	5.322780e-09	5.425240e+01	6.128007e+02
5.540000e-06	6.038348e-09	5.327371e-09	5.434035e+01	6.131200e+02
5.550000e-06	6.047972e-09	5.331262e-09	5.442696e+01	6.134345e+02
5.560000e-06	6.057457e-09	5.336083e-09	5.451231e+01	6.137441e+02
5.570000e-06	6.066794e-09	5.339708e-09	5.459634e+01	6.140489e+02
5.580000e-06	6.075983e-09	5.344480e-09	5.467903e+01	6.143488e+02
5.590000e-06	6.085036e-09	5.349687e-09	5.476050e+01	6.146441e+02
5.600000e-06	6.093966e-09	5.353304e-09	5.484087e+01	6.149345e+02
5.610000e-06	6.102762e-09	5.358873e-09	5.492002e+01	6.152203e+02
5.620000e-06	6.111377e-09	5.360418e-09	5.499756e+01	6.155013e+02
5.630000e-06	6.119787e-09	5.360629e-09	5.507323e+01	6.157775e+02
5.640000e-06	6.128011e-09	5.361339e-09	5.514725e+01	6.160489e+02
5.650000e-06	6.136088e-09	5.362842e-09	5.521993e+01	6.163155e+02
5.660000e-06	6.144030e-09	5.369028e-09	5.529141e+01	6.165772e+02
5.670000e-06	6.151833e-09	5.375526e-09	5.536162e+01	6.168339e+02
5.680000e-06	6.159480e-09	5.384160e-09	5.543044e+01	6.170855e+02
5.690000e-06	6.166975e-09	5.391467e-09	5.549789e+01	6.173319e+02
5.700000e-06	6.174341e-09	5.395160e-09	5.556418e+01	6.175730e+02
5.710000e-06	6.181579e-09	5.394466e-09	5.562931e+01	6.178086e+02
5.720000e-06	6.188651e-09	5.388410e-09	5.569296e+01	6.180385e+02
5.730000e-06	6.195514e-09	5.387029e-09	5.575472e+01	6.182625e+02
5.740000e-06	6.202179e-09	5.390681e-09	5.581470e+01	6.184804e+02
5.750000e-06	6.208689e-09	5.397430e-09	5.587328e+01	6.186920e+02
5.760000e-06	6.215061e-09	5.405682e-09	5.593062e+01	6.188968e+02
5.770000e-06	6.221289e-09	5.414429e-09	5.598667e+01	6.190948e+02
5.780000e-06	6.227367e-09	5.422465e-09	5.604138e+01	6.192854e+02
5.790000e-06	6.233295e-09	5.423365e-09	5.609472e+01	6.194684e+02
5.800000e-06	6.239089e-09	5.421646e-09	5.614686e+01	6.196434e+02
5.810000e-06	6.244763e-09	5.419156e-09	5.619792e+01	6.198100e+02
5.820000e-06	6.250276e-09	5.419065e-09	5.624753e+01	6.199677e+02
5.830000e-06	6.255573e-09	5.421881e-09	5.629520e+01	6.201162e+02
5.840000e-06	6.260658e-09	5.425257e-09	5.634096e+01	6.202549e+02
5.850000e-06	6.265571e-09	5.431085e-09	5.638518e+01	6.203834e+02
5.860000e-06	6.270330e-09	5.435270e-09	5.642801e+01	6.205012e+02
5.870000e-06	6.274939e-09	5.439049e-09	5.646948e+01	6.206078e+02
5.880000e-06	6.279396e-09	5.438958e-09	5.650959e+01	6.207026e+02
5.890000e-06	6.283703e-09	5.437040e-09	5.654835e+01	6.207852e+02
5.900000e-06	6.287882e-09	5.436335e-09	5.658596e+01	6.208550e+02
5.910000e-06	6.291941e-09	5.436407e-09	5.662249e+01	6.209114e+02
5.920000e-06	6.295848e-09	5.437948e-09	5.665765e+01	6.209539e+02
5.930000e-06	6.299578e-09	5.438327e-09	5.669121e+01	6.209820e+02
5.940000e-06	6.303145e-09	5.442024e-09	5.672332e+01	6.209952e+02
5.950000e-06	6.306556e-09	5.446439e-09	5.675401e+01	6.209930e+02
5.960000e-06	6.309787e-09	5.450343e-09	5.678309e+01	6.209747e+02
5.970000e-06	6.312829e-09	5.452649e-09	5.681046e+01	6.209400e+02
5.980000e-06	6.315697e-09	5.452117e-09	5.683627e+01	6.208884e+02
5.990000e-06	6.318404e-09	5.451547e-09	5.686064e+01	6.208195e+02
6.000000e-06	6.320953e-09	5.451090e-09	5.688357e+01	6.207327e+02
6.010000e-06	6.323327e-09	5.450457e-09	5.690494e+01	6.206279e+02
6.020000e-06	6.325489e-09	5.447735e-09	5.692440e+01	6.205045e+02
6.030000e-06	6.327425e-09	5.448440e-09	5.694181e+01	6.203624e+02
6.040000e-06	6.329187e-09	5.450617e-09	5.695767e+01	6.202012e+02
6.050000e-06	6.330818e-09	5.451321e-09	5.697235e+01	6.200207e+02
6.060000e-06	6.332296e-09	5.452680e-09	5.698565e+01	6.198208e+02
6.070000e-06	6.333611e-09	5.453768e-09	5.699748e+01	6.196014e+02
6.080000e-06	6.334768e-09	5.454266e-09	5.700790e+01	6.193624e+02
6.090000e-06	6.335788e-09	5.452202e-09	5.701708e+01	6.191038e+02
6.100000e-06	6.336692e-09	5.450634e-09	5.702521e+01	6.188257e+02
6.110000e-06	6.337447e-09	5.451139e-09	5.703200e+01	6.185282e+02
6.120000e-06	6.337988e-09	5.452172e-09	5.703687e+01	6.182115e+02
6.130000e-06	6.338310e-09	5.454156e-09	5.703977e+01	6.178758e+02
6.140000e-06	6.338469e-09	5.455073e-09	5.704120e+01	6.175215e+02
6.150000e-06	6.338500e-09	5.454386e-09	5.704149e+01	6.171489e+02
6.160000e-06	6.338383e-09	5.454302e-09	5.704043e+01	6.167586e+02
6.170000e-06	6.338110e-09	5.454789e-09	5.703797e+01	6.163510e+02
6.180000e-06	6.337689e-09	5.454524e-09	5.703419e+01	6.159267e+02
6.190000e-06	6.337127e-09	5.452564e-09	5.702912e+01	6.154863e+02
6.200000e-06	6.336444e-09	5.447458e-09	5.702298e+01	6.150307e+02
6.210000e-06	6.335621e-09	5.440589e-09	5.701557e+01	6.145605e+02
6.220000e-06	6.334606e-09	5.428520e-09	5.700644e+01	6.140766e+02
6.230000e-06	6.333388e-09	5.414749e-09	5.699548e+01	6.135800e+02
6.240000e-06	6.331993e-09	5.404129e-09	5.698292e+01	6.130714e+02
6.250000e-06	6.330404e-09	5.387708e-09	5.696862e+01	6.125520e+02
6.260000e-06	6.328524e-09	5.260393e-09	5.695170e+01	6.120228e+02
6.270000e-06	6.326375e-09	5.174508e-09	5.693236e+01	6.114848e+02
6.280000e-06	6.324169e-09	5.180747e-09	5.691251e+01	6.109392e+02
6.290000e-06	6.321919e-09	5.089269e-09	5.689227e+01	6.103872e+02
6.300000e-06	6.319437e-09	5.046957e-09	5.686993e+01	6.098299e+02
6.310000e-06	6.316806e-09	5.070231e-09	5.684625e+01	6.092685e+02
6.320000e-06	6.314076e-09	5.093638e-09	5.682169e+01	6.087043e+02
6.330000e-06	6.311138e-09	5.049811e-09	5.679525e+01	6.081384e+02
6.340000e-06	6.307989e-09	5.018343e-09	5.676691e+01	6.075722e+02
6.350000e-06	6.304679e-09	5.066448e-09	5.673712e+01	6.070068e+02
6.360000e-06	6.301228e-09	5.057883e-09	5.670607e+01	6.064435e+02
6.370000e-06	6.297597e-09	5.053730e-09	5.667339e+01	6.058835e+02
6.380000e-06	6.293852e-09	5.063032e-09	5.663968e+01	6.053280e+02
6.390000e-06	6.290024e-09	5.068949e-09	5.660524e+01	6.047781e+02
6.400000e-06	6.286005e-09	5.041525e-09	5.656907e+01	6.042350e+02
6.410000e-06	6.281712e-09	5.032632e-09	5.653044e+01	6.036997e+02
6.420000e-06	6.277226e-09	5.053905e-09	5.649007e+01	6.031734e+02
6.430000e-06	6.272610e-09	5.031649e-09	5.644853e+01	6.026570e+02
6.440000e-06	6.267789e-09	5.028797e-09	5.640514e+01	6.021515e+02
6.450000e-06	6.262811e-09	5.056062e-09	5.636034e+01	6.016577e+02
6.460000e-06	6.257748e-09	5.078369e-09	5.631478e+01	6.011764e+02
6.470000e-06	6.252569e-09	5.047312e-09	5.626817e+01	6.007085e+02
6.480000e-06	6.247212e-09	5.037683e-09	5.621996e+01	6.002544e+02
6.490000e-06	6.241687e-09	5.052820e-09	5.617024e+01	5.998150e+02
6.500000e-06	6.235974e-09	5.038648e-09	5.611883e+01	5.993905e+02
6.510000e-06	6.230031e-09	5.039302e-09	5.606535e+01	5.989815e+02
6.520000e-06	6.223913e-09	5.043550e-09	5.601029e+01	5.985884e+02
6.530000e-06	6.217650e-09	5.047839e-09	5.595393e+01	5.982112e+02
6.540000e-06	6.211230e-09	5.047800e-09	5.589615e+01	5.978502e+02
6.550000e-06	6.204658e-09	5.064601e-09	5.583701e+01	5.975054e+02
6.560000e-06	6.197953e-09	5.049817e-09	5.577667e+01	5.971768e+02
6.570000e-06	6.191096e-09	5.020158e-09	5.571496e+01	5.968642e+02
6.580000e-06	6.184078e-09	5.034605e-09	5.565180e+01	5.965675e+02
6.590000e-06	6.176919e-09	5.037209e-09	5.558738e+01	5.962863e+02
6.600000e-06	6.169592e-09	5.030067e-09	5.552145e+01	5.960201e+02
6.610000e-06	6.162074e-09	5.026597e-09	5.545379e+01	5.957686e+02
6.620000e-06	6.154363e-09	5.033323e-09	5.538439e+01	5.955311e+02
6.630000e-06	6.146486e-09	5.029894e-09	5.531351e+01	5.953070e+02
6.640000e-06	6.138469e-09	5.032639e-09	5.524136e+01	5.950955e+02
6.650000e-06	6.130305e-09	5.035352e-09	5.516789e+01	5.948959e+02
6.660000e-06	6.121980e-09	5.022005e-09	5.509297e+01	5.947072e+02
6.670000e-06	6.113499e-09	5.025649e-09	5.501666e+01	5.945285e+02
6.680000e-06	6.104891e-09	5.027595e-09	5.493918e+01	5.943588e+02
6.690000e-06	6.096160e-09	5.023068e-09	5.486061e+01	5.941971e+02
6.700000e-06	6.087286e-09	5.015357e-09	5.478076e+01	5.940423e+02
6.710000e-06	6.078234e-09	5.018347e-09	5.469929e+01	5.938932e+02
6.720000e-06	6.069011e-09	5.022314e-09	5.461629e+01	5.937487e+02
6.730000e-06	6.059640e-09	5.023407e-09	5.453196e+01	5.936076e+02
6.740000e-06	6.050114e-09	5.021533e-09	5.444624e+01	5.934688e+02
6.750000e-06	6.040420e-09	5.015083e-09	5.435900e+01	5.933309e+02
6.760000e-06	6.030552e-09	5.018155e-09	5.427020e+01	5.931928e+02
6.770000e-06	6.020525e-09	5.015242e-09	5.417996e+01	5.930533e+02
6.780000e-06	6.010334e-09	5.007688e-09	5.408825e+01	5.929111e+02
6.790000e-06	5.999962e-09	4.996763e-09	5.399491e+01	5.927652e+02
6.800000e-06	5.989380e-09	4.994362e-09	5.389969e+01	5.926142e+02
6.810000e-06	5.978585e-09	4.998017e-09	5.380253e+01	5.924572e+02
6.820000e-06	5.967612e-09	4.998689e-09	5.370379e+01	5.922930e+02
6.830000e-06	5.956493e-09	4.997325e-09	5.360373e+01	5.921206e+02
6.840000e-06	5.945239e-09	4.990945e-09	5.350244e+01	5.919390e+02
6.850000e-06	5.933830e-09	4.990697e-09	5.339977e+01	5.917473e+02
6.860000e-06	5.922269e-09	4.988493e-09	5.329573e+01	5.915445e+02
6.870000e-06	5.910576e-09	4.984547e-09	5.319051e+01	5.913299e+02
6.880000e-06	5.898759e-09	4.978339e-09	5.308416e+01	5.911028e+02
6.890000e-06	5.886804e-09	4.975512e-09	5.297658e+01	5.908625e+02
6.900000e-06	5.874679e-09	4.977023e-09	5.286746e+01	5.906083e+02
6.910000e-06	5.862365e-09	4.975150e-09	5.275664e+01	5.903399e+02
6.920000e-06	5.849870e-09	4.971222e-09	5.264420e+01	5.900568e+02
6.930000e-06	5.837226e-09	4.964704e-09	5.253041e+01	5.897585e+02
6.940000e-06	5.824435e-09	4.963860e-09	5.241531e+01	5.894450e+02
6.950000e-06	5.811499e-09	4.962937e-09	5.229889e+01	5.891160e+02
6.960000e-06	5.798424e-09	4.959574e-09	5.218122e+01	5.887714e+02
6.970000e-06	5.785212e-09	4.953644e-09	5.206233e+01	5.884112e+02
6.980000e-06	5.771863e-09	4.950414e-09	5.194220e+01	5.880355e+02
6.990000e-06	5.758374e-09	4.953274e-09	5.182081e+01	5.876444e+02
7.000000e-06	5.744728e-09	4.955272e-09	5.169801e+01	5.872382e+02
7.010000e-06	5.730917e-09	4.956102e-09	5.157372e+01	5.868172e+02
7.020000e-06	5.716933e-09	4.952792e-09	5.144788e+01	5.863818e+02
7.030000e-06	5.702774e-09	4.949249e-09	5.132045e+01	5.859323e+02
7.040000e-06	5.688464e-09	4.944384e-09	5.119167e+01	5.854693e+02
7.050000e-06	5.674019e-09	4.938772e-09	5.106168e+01	5.849934e+02
7.060000e-06	5.659435e-09	4.936111e-09	5.093043e+01	5.845052e+02
7.070000e-06	5.644702e-09	4.937935e-09	5.079785e+01	5.840052e+02
7.080000e-06	5.629815e-09	4.942696e-09	5.066388e+01	5.834943e+02
7.090000e-06	5.614775e-09	4.943610e-09	5.052853e+01	5.829730e+02
7.100000e-06	5.599560e-09	4.942588e-09	5.039161e+01	5.824422e+02
7.110000e-06	5.584162e-09	4.939852e-09	5.025304e+01	5.819027e+02
7.120000e-06	5.568592e-09	4.937112e-09	5.011293e+01	5.813551e+02
7.130000e-06	5.552867e-09	4.933822e-09	4.997141e+01	5.808003e+02
7.140000e-06	5.536991e-09	4.930805e-09	4.982854e+01	5.802390e+02
7.150000e-06	5.520973e-09	4.929776e-09	4.968439e+01	5.796720e+02
7.160000e-06	5.504825e-09	4.929333e-09	4.953907e+01	5.791001e+02
7.170000e-06	5.488547e-09	4.929083e-09	4.939258e+01	5.785240e+02
7.180000e-06	5.472141e-09	4.923721e-09	4.924494e+01	5.779444e+02
7.190000e-06	5.455613e-09	4.917046e-09	4.909620e+01	5.773618e+02
7.200000e-06	5.438955e-09	4.910689e-09	4.894629e+01	5.767771e+02
7.210000e-06	5.422152e-09	4.904896e-09	4.879508e+01	5.761906e+02
7.220000e-06	5.405197e-09	4.900570e-09	4.864250e+01	5.756030e+02
7.230000e-06	5.388087e-09	4.897300e-09	4.848852e+01	5.750146e+02
7.240000e-06	5.370816e-09	4.895497e-09	4.833309e+01	5.744260e+02
7.250000e-06	5.353384e-09	4.892630e-09	4.817622e+01	5.738373e+02
7.260000e-06	5.335813e-09	4.891957e-09	4.801810e+01	5.732489e+02
7.270000e-06	5.318126e-09	4.889640e-09	4.785893e+01	5.726610e+02
7.280000e-06	5.300316e-09	4.883462e-09	4.769865e+01	5.720736e+02
7.290000e-06	5.282376e-09	4.876506e-09	4.753720e+01	5.714868e+02
7.300000e-06	5.264317e-09	4.871594e-09	4.737469e+01	5.709005e+02
7.310000e-06	5.246144e-09	4.868085e-09	4.721115e+01	5.703147e+02
7.320000e-06	5.227848e-09	4.862349e-09	4.704650e+01	5.697290e+02
7.330000e-06	5.209407e-09	4.856406e-09	4.688054e+01	5.691434e+02
7.340000e-06	5.190803e-09	4.851149e-09	4.671312e+01	5.685573e+02
7.350000e-06	5.172044e-09	4.848368e-09	4.654430e+01	5.679703e+02
7.360000e-06	5.153147e-09	4.845447e-09	4.637425e+01	5.673821e+02
7.370000e-06	5.134110e-09	4.839477e-09	4.620293e+01	5.667919e+02
7.380000e-06	5.114934e-09	4.832152e-09	4.603036e+01	5.661992e+02
7.390000e-06	5.095630e-09	4.826160e-09	4.585664e+01	5.656032e+02
7.400000e-06	5.076212e-09	4.821927e-09	4.568189e+01	5.650033e+02
7.410000e-06	5.056686e-09	4.814300e-09	4.550618e+01	5.643985e+02
7.420000e-06	5.037042e-09	4.803184e-09	4.532939e+01	5.637882e+02
7.430000e-06	5.017274e-09	4.792641e-09	4.515150e+01	5.631713e+02
7.440000e-06	4.997378e-09	4.787802e-09	4.497245e+01	5.625469e+02
7.450000e-06	4.977353e-09	4.787877e-09	4.479224e+01	5.619142e+02
7.460000e-06	4.957191e-09	4.784116e-09	4.461080e+01	5.612722e+02
7.470000e-06	4.936888e-09	4.774251e-09	4.442809e+01	5.606198e+02
7.480000e-06	4.916440e-09	4.763298e-09	4.424407e+01	5.599561e+02
7.490000e-06	4.895844e-09	4.755413e-09	4.405873e+01	5.592801e+02
7.500000e-06	4.875115e-09	4.747559e-09	4.387218e+01	5.585908e+02
7.510000e-06	4.854260e-09	4.738499e-09	4.368450e+01	5.578873e+02
7.520000e-06	4.833283e-09	4.731303e-09	4.349572e+01	5.571687e+02
7.530000e-06	4.812192e-09	4.727465e-09	4.330593e+01	5.564340e+02
7.540000e-06	4.790996e-09	4.724345e-09	4.311518e+01	5.556823e+02
7.550000e-06	4.769695e-09	4.717682e-09	4.292349e+01	5.549128e+02
7.560000e-06	4.748281e-09	4.707220e-09	4.273077e+01	5.541249e+02
7.570000e-06	4.726747e-09	4.698211e-09	4.253699e+01	5.533176e+02
7.580000e-06	4.705093e-09	4.694728e-09	4.234212e+01	5.524904e+02
7.590000e-06	4.683332e-09	4.691182e-09	4.214629e+01	5.516426e+02
7.600000e-06	4.661461e-09	4.682532e-09	4.194946e+01	5.507737e+02
7.610000e-06	4.639461e-09	4.674595e-09	4.175148e+01	5.498834e+02
7.620000e-06	4.617327e-09	4.669561e-09	4.155230e+01	5.489710e+02
7.630000e-06	4.595061e-09	4.663902e-09	4.135192e+01	5.480365e+02
7.640000e-06	4.572668e-09	4.655756e-09	4.115039e+01	5.470795e+02
7.650000e-06	4.550151e-09	4.647106e-09	4.094777e+01	5.460999e+02
7.660000e-06	4.527506e-09	4.641498e-09	4.074398e+01	5.450977e+02
7.670000e-06	4.504731e-09	4.637211e-09	4.053902e+01	5.440729e+02
7.680000e-06	4.481837e-09	4.630690e-09	4.033299e+01	5.430255e+02
7.690000e-06	4.458816e-09	4.618523e-09	4.012582e+01	5.419558e+02
7.700000e-06	4.435665e-09	4.604640e-09	3.991748e+01	5.408641e+02
7.710000e-06	4.412378e-09	4.596471e-09	3.970792e+01	5.397507e+02
7.720000e-06	4.388960e-09	4.591440e-09	3.949717e+01	5.386161e+02
7.730000e-06	4.365421e-09	4.584353e-09	3.928534e+01	5.374607e+02
7.740000e-06	4.341759e-09	4.575047e-09	3.907240e+01	5.362851e+02
7.750000e-06	4.317980e-09	4.565154e-09	3.885841e+01	5.350899e+02
7.760000e-06	4.294078e-09	4.555568e-09	3.864331e+01	5.338759e+02
7.770000e-06	4.270052e-09	4.545325e-09	3.842709e+01	5.326438e+02
7.780000e-06	4.245913e-09	4.536138e-09	3.820986e+01	5.313943e+02
7.790000e-06	4.221673e-09	4.528793e-09	3.799172e+01	5.301283e+02
7.800000e-06	4.197336e-09	4.523846e-09	3.777271e+01	5.288467e+02
7.810000e-06	4.172905e-09	4.519990e-09	3.755285e+01	5.275503e+02
7.820000e-06	4.148379e-09	4.511599e-09	3.733214e+01	5.262401e+02
7.830000e-06	4.123756e-09	4.499225e-09	3.711055e+01	5.249169e+02
7.840000e-06	4.099025e-09	4.486303e-09	3.688798e+01	5.235817e+02
7.850000e-06	4.074182e-09	4.473978e-09	3.666442e+01	5.222354e+02
7.860000e-06	4.049231e-09	4.463484e-09	3.643988e+01	5.208789e+02
7.870000e-06	4.024165e-09	4.455003e-09	3.621431e+01	5.195131e+02
7.880000e-06	3.998987e-09	4.449047e-09	3.598772e+01	5.181388e+02
7.890000e-06	3.973705e-09	4.442106e-09	3.576021e+01	5.167568e+02
7.900000e-06	3.948321e-09	4.432754e-09	3.553177e+01	5.153679e+02
7.910000e-06	3.922829e-09	4.421578e-09	3.530237e+01	5.139728e+02
7.920000e-06	3.897230e-09	4.406522e-09	3.507199e+01	5.125723e+02
7.930000e-06	3.871532e-09	4.389788e-09	3.484073e+01	5.111668e+02
7.940000e-06	3.845739e-09	4.373406e-09	3.460861e+01	5.097570e+02
7.950000e-06	3.819854e-09	4.360950e-09	3.437567e+01	5.083433e+02
7.960000e-06	3.793882e-09	4.350525e-09	3.414195e+01	5.069260e+02
7.970000e-06	3.767825e-09	4.337948e-09	3.390745e+01	5.055055e+02
7.980000e-06	3.741677e-09	4.325203e-09	3.367214e+01	5.040820e+02
7.990000e-06	3.715435e-09	4.314581e-09	3.343598e+01	5.026555e+02
8.000000e-06	3.689094e-09	4.304169e-09	3.319893e+01	5.012262e+02
8.010000e-06	3.662646e-09	4.289203e-09	3.296093e+01	4.997940e+02
8.020000e-06	3.636096e-09	4.271632e-09	3.272199e+01	4.983587e+02
8.030000e-06	3.609449e-09	4.255681e-09	3.248219e+01	4.969201e+02
8.040000e-06	3.582712e-09	4.243943e-09	3.224158e+01	4.954778e+02
8.050000e-06	3.555885e-09	4.234085e-09	3.200015e+01	4.940314e+02
8.060000e-06	3.528965e-09	4.222724e-09	3.175790e+01	4.925803e+02
8.070000e-06	3.501944e-09	4.213582e-09	3.151473e+01	4.911240e+02
8.080000e-06	3.474823e-09	4.205947e-09	3.127066e+01	4.896618e+02
8.090000e-06	3.447614e-09	4.194163e-09	3.102580e+01	4.881929e+02
8.100000e-06	3.420324e-09	4.177352e-09	3.078021e+01	4.867164e+02
8.110000e-06	3.392947e-09	4.159313e-09	3.053385e+01	4.852314e+02
8.120000e-06	3.365486e-09	4.140430e-09	3.028671e+01	4.837370e+02
8.130000e-06	3.337947e-09	4.121925e-09	3.003888e+01	4.822321e+02
8.140000e-06	3.310320e-09	4.106925e-09	2.979026e+01	4.807157e+02
8.150000e-06	3.282597e-09	4.097196e-09	2.954078e+01	4.791865e+02
8.160000e-06	3.254777e-09	4.091363e-09	2.929042e+01	4.776435e+02
8.170000e-06	3.226859e-09	4.083171e-09	2.903918e+01	4.760854e+02
8.180000e-06	3.198843e-09	4.069873e-09	2.878706e+01	4.745111e+02
8.190000e-06	3.170737e-09	4.052613e-09	2.853414e+01	4.729193e+02
8.200000e-06	3.142547e-09	4.034163e-09	2.828044e+01	4.713088e+02
8.210000e-06	3.114267e-09	4.016751e-09	2.802595e+01	4.696785e+02
8.220000e-06	3.085905e-09	3.999839e-09	2.777071e+01	4.680270e+02
8.230000e-06	3.057458e-09	3.983937e-09	2.751472e+01	4.663533e+02
8.240000e-06	3.028926e-09	3.970861e-09	2.725795e+01	4.646562e+02
8.250000e-06	3.000314e-09	3.959646e-09	2.700046e+01	4.629347e+02
8.260000e-06	2.971631e-09	3.946735e-09	2.674234e+01	4.611876e+02
8.270000e-06	2.942869e-09	3.929371e-09	2.648351e+01	4.594139e+02
8.280000e-06	2.914022e-09	3.909379e-09	2.622391e+01	4.576129e+02
8.290000e-06	2.885099e-09	3.891485e-09	2.596362e+01	4.557835e+02
8.300000e-06	2.856108e-09	3.874954e-09	2.570272e+01	4.539250e+02
8.310000e-06	2.827053e-09	3.861298e-09	2.544125e+01	4.520367e+02
8.320000e-06	2.797932e-09	3.850674e-09	2.517918e+01	4.501180e+02
8.330000e-06	2.768747e-09	3.840390e-09	2.491654e+01	4.481684e+02
8.340000e-06	2.739497e-09	3.830103e-09	2.465332e+01	4.461873e+02
8.350000e-06	2.710181e-09	3.814186e-09	2.438949e+01	4.441745e+02
8.360000e-06	2.680800e-09	3.793616e-09	2.412509e+01	4.421297e+02
8.370000e-06	2.651353e-09	3.771159e-09	2.386009e+01	4.400527e+02
8.380000e-06	2.621838e-09	3.752205e-09	2.359448e+01	4.379435e+02
8.390000e-06	2.592259e-09	3.737438e-09	2.332829e+01	4.358020e+02
8.400000e-06	2.562613e-09	3.722896e-09	2.306150e+01	4.336284e+02
8.410000e-06	2.532897e-09	3.710536e-09	2.279408e+01	4.314229e+02
8.420000e-06	2.503113e-09	3.697491e-09	2.252604e+01	4.291857e+02
8.430000e-06	2.473259e-09	3.683689e-09	2.225738e+01	4.269172e+02
8.440000e-06	2.443343e-09	3.666291e-09	2.198816e+01	4.246179e+02
8.450000e-06	2.413365e-09	3.644484e-09	2.171838e+01	4.222881e+02
8.460000e-06	2.383322e-09	3.618658e-09	2.144802e+01	4.199285e+02
8.470000e-06	2.353220e-09	3.591963e-09	2.117712e+01	4.175396e+02
8.480000e-06	2.323064e-09	3.572943e-09	2.090575e+01	4.151221e+02
8.490000e-06	2.292853e-09	3.556034e-09	2.063387e+01	4.126765e+02
8.500000e-06	2.262579e-09	3.541594e-09	2.036143e+01	4.102037e+02
8.510000e-06	2.232247e-09	3.528831e-09	2.008847e+01	4.077041e+02
8.520000e-06	2.201857e-09	3.517208e-09	1.981498e+01	4.051786e+02
8.530000e-06	2.171406e-09	3.504378e-09	1.954094e+01	4.026277e+02
8.540000e-06	2.140901e-09	3.479062e-09	1.926642e+01	4.000521e+02
8.550000e-06	2.110340e-09	3.443982e-09	1.899140e+01	3.974524e+02
8.560000e-06	2.079720e-09	3.406435e-09	1.871585e+01	3.948290e+02
8.570000e-06	2.049053e-09	3.380196e-09	1.843987e+01	3.921824e+02
8.580000e-06	2.018336e-09	3.365313e-09	1.816344e+01	3.895130e+02
8.590000e-06	1.987564e-09	3.353174e-09	1.788651e+01	3.868211e+02
8.600000e-06	1.956740e-09	3.340003e-09	1.760912e+01	3.841068e+02
8.610000e-06	1.925867e-09	3.320988e-09	1.733129e+01	3.813702e+02
8.620000e-06	1.894946e-09	3.298582e-09	1.705302e+01	3.786112e+02
8.630000e-06	1.863981e-09	3.267868e-09	1.677436e+01	3.758296e+02
8.640000e-06	1.832974e-09	3.230668e-09	1.649532e+01	3.730250e+02
8.650000e-06	1.801926e-09	3.194485e-09	1.621591e+01	3.701969e+02
8.660000e-06	1.770830e-09	3.167130e-09	1.593607e+01	3.673447e+02
8.670000e-06	1.739678e-09	3.148737e-09	1.565573e+01	3.644673e+02
8.680000e-06	1.708473e-09	3.129546e-09	1.537491e+01	3.615638e+02
8.690000e-06	1.677226e-09	3.107379e-09	1.509372e+01	3.586329e+02
8.700000e-06	1.645937e-09	3.079834e-09	1.481214e+01	3.556732e+02
8.710000e-06	1.614595e-09	3.047849e-09	1.453008e+01	3.526830e+02
8.720000e-06	1.583198e-09	3.013188e-09	1.424754e+01	3.496605e+02
8.730000e-06	1.551757e-09	2.981069e-09	1.396459e+01	3.466036e+02
8.740000e-06	1.520278e-09	2.953711e-09	1.368131e+01	3.435101e+02
8.750000e-06	1.488759e-09	2.928744e-09	1.339766e+01	3.403775e+02
8.760000e-06	1.457203e-09	2.904570e-09	1.311368e+01	3.372031e+02
8.770000e-06	1.425614e-09	2.875595e-09	1.282941e+01	3.339841e+02
8.780000e-06	1.393991e-09	2.843368e-09	1.254483e+01	3.307175e+02
8.790000e-06	1.362337e-09	2.810667e-09	1.225996e+01	3.274000e+02
8.800000e-06	1.330650e-09	2.778348e-09	1.197481e+01	3.240283e+02
8.810000e-06	1.298925e-09	2.745125e-09	1.168931e+01	3.205987e+02
8.820000e-06	1.267162e-09	2.712697e-09	1.140346e+01	3.171076e+02
8.830000e-06	1.235362e-09	2.684435e-09	1.111730e+01	3.135511e+02
8.840000e-06	1.203528e-09	2.654422e-09	1.083081e+01	3.099252e+02
8.850000e-06	1.171662e-09	2.620318e-09	1.054404e+01	3.062258e+02
8.860000e-06	1.139763e-09	2.584237e-09	1.025698e+01	3.024487e+02
8.870000e-06	1.107833e-09	2.546641e-09	9.969638e+00	2.985897e+02
8.880000e-06	1.075875e-09	2.508031e-09	9.682038e+00	2.946444e+02
8.890000e-06	1.043885e-09	2.471644e-09	9.394152e+00	2.906084e+02
8.900000e-06	1.011871e-09	2.437904e-09	9.106048e+00	2.864773e+02
8.910000e-06	9.798360e-10	2.404989e-09	8.817762e+00	2.822468e+02
8.920000e-06	9.477780e-10	2.366794e-09	8.529265e+00	2.779125e+02
8.930000e-06	9.156936e-10	2.325293e-09	8.240532e+00	2.734699e+02
8.940000e-06	8.835848e-10	2.285532e-09	7.951577e+00	2.689149e+02
8.950000e-06	8.514558e-10	2.243693e-09	7.662441e+00	2.642433e+02
8.960000e-06	8.193033e-10	2.202837e-09	7.373094e+00	2.594510e+02
8.970000e-06	7.871297e-10	2.163054e-09	7.083557e+00	2.545340e+02
8.980000e-06	7.549354e-10	2.126950e-09	6.793834e+00	2.494886e+02
8.990000e-06	7.227174e-10	2.089185e-09	6.503896e+00	2.443112e+02
9.000000e-06	6.904820e-10	2.041228e-09	6.213803e+00	2.389983e+02
9.010000e-06	6.582329e-10	1.988389e-09	5.923586e+00	2.335469e+02
9.020000e-06	6.259713e-10	1.931555e-09	5.633257e+00	2.279539e+02
9.030000e-06	5.936982e-10	1.879168e-09	5.342825e+00	2.222168e+02
9.040000e-06	5.614113e-10	1.833155e-09	5.052268e+00	2.163331e+02
9.050000e-06	5.291101e-10	1.790900e-09	4.761582e+00	2.103008e+02
9.060000e-06	4.968014e-10	1.750901e-09	4.470830e+00	2.041181e+02
9.070000e-06	4.644828e-10	1.706754e-09	4.179987e+00	1.977837e+02
9.080000e-06	4.321484e-10	1.655786e-09	3.889003e+00	1.912965e+02
9.090000e-06	3.998032e-10	1.591835e-09	3.597922e+00	1.846558e+02
9.100000e-06	3.674484e-10	1.525472e-09	3.306754e+00	1.778613e+02
9.110000e-06	3.350841e-10	1.463874e-09	3.015501e+00	1.709132e+02
9.120000e-06	3.027097e-10	1.407970e-09	2.724157e+00	1.638120e+02
9.130000e-06	2.703266e-10	1.354648e-09	2.432734e+00	1.565586e+02
9.140000e-06	2.379401e-10	1.297782e-09	2.141281e+00	1.491544e+02
9.150000e-06	2.055495e-10	1.238188e-09	1.849791e+00	1.416011e+02
9.160000e-06	1.731611e-10	1.170905e-09	1.558321e+00	1.339010e+02
9.170000e-06	1.407726e-10	1.099897e-09	1.266850e+00	1.260566e+02
9.180000e-06	1.083799e-10	1.024300e-09	9.753410e-01	1.180711e+02
9.190000e-06	7.598804e-11	9.507314e-10	6.838396e-01	1.099480e+02
9.200000e-06	4.359710e-11	8.834526e-10	3.923465e-01	1.016911e+02
9.210000e-06	1.120464e-11	8.152883e-10	1.008398e-01	9.330480e+01
9.220000e-06	-2.119227e-11	7.440179e-10	-1.907070e-01	8.479382e+01
9.230000e-06	-5.359086e-11	6.675169e-10	-4.822689e-01	7.616329e+01
9.240000e-06	-8.598601e-11	5.912786e-10	-7.738001e-01	6.741872e+01
9.250000e-06	-1.183798e-10	5.127862e-10	-1.065319e+00	5.856601e+01
9.260000e-06	-1.507749e-10	4.340379e-10	-1.356849e+00	4.961138e+01
9.270000e-06	-1.831673e-10	3.552879e-10	-1.648356e+00	4.056141e+01
9.280000e-06	-2.155548e-10	2.764158e-10	-1.939818e+00	3.142300e+01
9.290000e-06	-2.479302e-10	1.984712e-10	-2.231170e+00	2.220334e+01
9.300000e-06	-2.802949e-10	1.159319e-10	-2.522427e+00	1.290989e+01
9.310000e-06	-3.126530e-10	3.140434e-11	-2.813625e+00	3.550379e+00
9.320000e-06	-3.450016e-10	-5.598272e-11	-3.104737e+00	-5.867237e+00
9.330000e-06	-3.773431e-10	-1.438531e-10	-3.395786e+00	-1.533480e+01
9.340000e-06	-4.096731e-10	-2.311229e-10	-3.686730e+00	-2.484398e+01
9.350000e-06	-4.419920e-10	-3.154703e-10	-3.977574e+00	-3.438628e+01
9.360000e-06	-4.742996e-10	-3.966895e-10	-4.268318e+00	-4.395309e+01
9.370000e-06	-5.065948e-10	-4.774236e-10	-4.558950e+00	-5.353571e+01
9.380000e-06	-5.388768e-10	-5.591903e-10	-4.849462e+00	-6.312534e+01
9.390000e-06	-5.711454e-10	-6.443335e-10	-5.139855e+00	-7.271318e+01
9.400000e-06	-6.034004e-10	-7.289028e-10	-5.430124e+00	-8.229040e+01
9.410000e-06	-6.356448e-10	-8.122939e-10	-5.720298e+00	-9.184819e+01
9.420000e-06	-6.678762e-10	-8.942751e-10	-6.010355e+00	-1.013778e+02
9.430000e-06	-7.000868e-10	-9.750103e-10	-6.300225e+00	-1.108705e+02
9.440000e-06	-7.322763e-10	-1.055753e-09	-6.589906e+00	-1.203178e+02
9.450000e-06	-7.644433e-10	-1.135388e-09	-6.879383e+00	-1.297111e+02
9.460000e-06	-7.965875e-10	-1.213505e-09	-7.168656e+00	-1.390423e+02
9.470000e-06	-8.287061e-10	-1.290775e-09	-7.457698e+00	-1.483032e+02
9.480000e-06	-8.608004e-10	-1.368756e-09	-7.746521e+00	-1.574858e+02
9.490000e-06	-8.928667e-10	-1.444719e-09	-8.035093e+00	-1.665827e+02
9.500000e-06	-9.249068e-10	-1.517336e-09	-8.323428e+00	-1.755862e+02
9.510000e-06	-9.569247e-10	-1.588917e-09	-8.611563e+00	-1.844894e+02
9.520000e-06	-9.889181e-10	-1.661108e-09	-8.899479e+00	-1.932853e+02
9.530000e-06	-1.020884e-09	-1.733678e-09	-9.187149e+00	-2.019676e+02
9.540000e-06	-1.052823e-09	-1.802174e-09	-9.474571e+00	-2.105300e+02
9.550000e-06	-1.084734e-09	-1.870501e-09	-9.761749e+00	-2.189667e+02
9.560000e-06	-1.116613e-09	-1.942134e-09	-1.004863e+01	-2.272722e+02
9.570000e-06	-1.148458e-09	-2.013616e-09	-1.033521e+01	-2.354415e+02
9.580000e-06	-1.180267e-09	-2.082597e-09	-1.062146e+01	-2.434700e+02
9.590000e-06	-1.212037e-09	-2.149080e-09	-1.090737e+01	-2.513533e+02
9.600000e-06	-1.243777e-09	-2.214233e-09	-1.119300e+01	-2.590875e+02
9.610000e-06	-1.275487e-09	-2.277884e-09	-1.147837e+01	-2.666693e+02
9.620000e-06	-1.307162e-09	-2.340393e-09	-1.176342e+01	-2.740956e+02
9.630000e-06	-1.338800e-09	-2.402493e-09	-1.204814e+01	-2.813637e+02
9.640000e-06	-1.370408e-09	-2.466245e-09	-1.233258e+01	-2.884715e+02
9.650000e-06	-1.401976e-09	-2.529370e-09	-1.261667e+01	-2.954172e+02
9.660000e-06	-1.433503e-09	-2.589873e-09	-1.290039e+01	-3.021994e+02
9.670000e-06	-1.465002e-09	-2.648926e-09	-1.318385e+01	-3.088173e+02
9.680000e-06	-1.496464e-09	-2.705707e-09	-1.346699e+01	-3.152701e+02
9.690000e-06	-1.527881e-09	-2.758368e-09	-1.374972e+01	-3.215578e+02
9.700000e-06	-1.559253e-09	-2.808791e-09	-1.403204e+01	-3.276807e+02
9.710000e-06	-1.590574e-09	-2.861603e-09	-1.431390e+01	-3.336392e+02
9.720000e-06	-1.621844e-09	-2.914881e-09	-1.459531e+01	-3.394345e+02
9.730000e-06	-1.653062e-09	-2.967064e-09	-1.487625e+01	-3.450677e+02
9.740000e-06	-1.684231e-09	-3.015843e-09	-1.515674e+01	-3.505407e+02
9.750000e-06	-1.715353e-09	-3.063315e-09	-1.543682e+01	-3.558553e+02
9.760000e-06	-1.746430e-09	-3.111640e-09	-1.571648e+01	-3.610138e+02
9.770000e-06	-1.777465e-09	-3.157275e-09	-1.599578e+01	-3.660188e+02
9.780000e-06	-1.808457e-09	-3.199210e-09	-1.627468e+01	-3.708731e+02
9.790000e-06	-1.839401e-09	-3.239819e-09	-1.655315e+01	-3.755798e+02
9.800000e-06	-1.870294e-09	-3.284040e-09	-1.683116e+01	-3.801422e+02
9.810000e-06	-1.901134e-09	-3.327233e-09	-1.710869e+01	-3.845637e+02
9.820000e-06	-1.931928e-09	-3.364559e-09	-1.738582e+01	-3.888481e+02
9.830000e-06	-1.962674e-09	-3.398152e-09	-1.766251e+01	-3.929991e+02
9.840000e-06	-1.993369e-09	-3.433047e-09	-1.793873e+01	-3.970209e+02
9.850000e-06	-2.024016e-09	-3.471050e-09	-1.821454e+01	-4.009175e+02
9.860000e-06	-2.054609e-09	-3.506988e-09	-1.848985e+01	-4.046930e+02
9.870000e-06	-2.085149e-09	-3.540130e-09	-1.876468e+01	-4.083519e+02
9.880000e-06	-2.115640e-09	-3.572189e-09	-1.903908e+01	-4.118984e+02
9.890000e-06	-2.146076e-09	-3.604252e-09	-1.931298e+01	-4.153370e+02
9.900000e-06	-2.176457e-09	-3.633005e-09	-1.958638e+01	-4.186720e+02
9.910000e-06	-2.206778e-09	-3.657550e-09	-1.985925e+01	-4.219079e+02
9.920000e-06	-2.237037e-09	-3.684435e-09	-2.013155e+01	-4.250490e+02
9.930000e-06	-2.267237e-09	-3.715452e-09	-2.040333e+01	-4.280997e+02
9.940000e-06	-2.297379e-09	-3.747523e-09	-2.067459e+01	-4.310644e+02
9.950000e-06	-2.327458e-09	-3.775067e-09	-2.094528e+01	-4.339471e+02
9.960000e-06	-2.357479e-09	-3.799113e-09	-2.121544e+01	-4.367522e+02
9.970000e-06	-2.387443e-09	-3.825314e-09	-2.148509e+01	-4.394836e+02
9.980000e-06	-2.417347e-09	-3.852791e-09	-2.175420e+01	-4.421454e+02
9.990000e-06	-2.447189e-09	-3.878625e-09	-2.202276e+01	-4.447413e+02
1.000000e-05	-2.476966e-09	-3.902131e-09	-2.229073e+01	-4.472750e+02
1.001000e-05	-2.506676e-09	-3.927837e-09	-2.255810e+01	-4.497501e+02
1.002000e-05	-2.536315e-09	-3.955986e-09	-2.282482e+01	-4.521701e+02
1.003000e-05	-2.565892e-09	-3.982330e-09	-2.309099e+01	-4.545380e+02
1.004000e-05	-2.595405e-09	-4.003169e-09	-2.335659e+01	-4.568572e+02
1.005000e-05	-2.624850e-09	-4.020925e-09	-2.362157e+01	-4.591304e+02
1.006000e-05	-2.654225e-09	-4.039954e-09	-2.388592e+01	-4.613604e+02
1.007000e-05	-2.683535e-09	-4.060468e-09	-2.414968e+01	-4.635498e+02
1.008000e-05	-2.712781e-09	-4.081508e-09	-2.441287e+01	-4.657011e+02
1.009000e-05	-2.741954e-09	-4.101659e-09	-2.467541e+01	-4.678164e+02
1.010000e-05	-2.771058e-09	-4.122368e-09	-2.493733e+01	-4.698977e+02
1.011000e-05	-2.800103e-09	-4.142149e-09	-2.519871e+01	-4.719471e+02
1.012000e-05	-2.829089e-09	-4.160010e-09	-2.545956e+01	-4.739662e+02
1.013000e-05	-2.858006e-09	-4.175427e-09	-2.571979e+01	-4.759565e+02
1.014000e-05	-2.886845e-09	-4.189700e-09	-2.597932e+01	-4.779195e+02
1.015000e-05	-2.915596e-09	-4.205680e-09	-2.623805e+01	-4.798563e+02
1.016000e-05	-2.944266e-09	-4.222679e-09	-2.649606e+01	-4.817681e+02
1.017000e-05	-2.972860e-09	-4.237745e-09	-2.675338e+01	-4.836557e+02
1.018000e-05	-3.001375e-09	-4.250097e-09	-2.701000e+01	-4.855201e+02
1.019000e-05	-3.029814e-09	-4.260985e-09	-2.726592e+01	-4.873618e+02
1.020000e-05	-3.058169e-09	-4.275284e-09	-2.752110e+01	-4.891814e+02
1.021000e-05	-3.086437e-09	-4.294501e-09	-2.777549e+01	-4.909793e+02
1.022000e-05	-3.114621e-09	-4.314447e-09	-2.802912e+01	-4.927559e+02
1.023000e-05	-3.142721e-09	-4.332432e-09	-2.828199e+01	-4.945115e+02
1.024000e-05	-3.170729e-09	-4.346301e-09	-2.853404e+01	-4.962460e+02
1.025000e-05	-3.198643e-09	-4.358710e-09	-2.878525e+01	-4.979597e+02
1.026000e-05	-3.226456e-09	-4.370782e-09	-2.903555e+01	-4.996525e+02
1.027000e-05	-3.254180e-09	-4.381363e-09	-2.928504e+01	-5.013244e+02
1.028000e-05	-3.281816e-09	-4.392309e-09	-2.953374e+01	-5.029753e+02
1.029000e-05	-3.309356e-09	-4.405181e-09	-2.978158e+01	-5.046049e+02
1.030000e-05	-3.336816e-09	-4.420421e-09	-3.002870e+01	-5.062133e+02
1.031000e-05	-3.364201e-09	-4.436941e-09	-3.027514e+01	-5.078001e+02
1.032000e-05	-3.391502e-09	-4.452775e-09	-3.052083e+01	-5.093651e+02
1.033000e-05	-3.418718e-09	-4.467673e-09	-3.076575e+01	-5.109082e+02
1.034000e-05	-3.445846e-09	-4.479112e-09	-3.100988e+01	-5.124290e+02
1.035000e-05	-3.472876e-09	-4.485677e-09	-3.125313e+01	-5.139275e+02
1.036000e-05	-3.499808e-09	-4.492393e-09	-3.149550e+01	-5.154033e+02
1.037000e-05	-3.526652e-09	-4.502181e-09	-3.173707e+01	-5.168564e+02
1.038000e-05	-3.553408e-09	-4.514863e-09	-3.197785e+01	-5.182865e+02
1.039000e-05	-3.580074e-09	-4.528761e-09	-3.221783e+01	-5.196936e+02
1.040000e-05	-3.606646e-09	-4.540816e-09	-3.245696e+01	-5.210776e+02
1.041000e-05	-3.633116e-09	-4.551189e-09	-3.269517e+01	-5.224383e+02
1.042000e-05	-3.659483e-09	-4.561372e-09	-3.293244e+01	-5.237758e+02
1.043000e-05	-3.685751e-09	-4.572070e-09	-3.316884e+01	-5.250902e+02
1.044000e-05	-3.711927e-09	-4.580285e-09	-3.340440e+01	-5.263815e+02
1.045000e-05	-3.738009e-09	-4.586287e-09	-3.363912e+01	-5.276498e+02
1.046000e-05	-3.763999e-09	-4.595151e-09	-3.387301e+01	-5.288954e+02
1.047000e-05	-3.789900e-09	-4.607626e-09	-3.410609e+01	-5.301184e+02
1.048000e-05	-3.815718e-09	-4.621087e-09	-3.433844e+01	-5.313191e+02
1.049000e-05	-3.841456e-09	-4.631933e-09	-3.457006e+01	-5.324979e+02
1.050000e-05	-3.867103e-09	-4.641399e-09	-3.480086e+01	-5.336552e+02
1.051000e-05	-3.892649e-09	-4.651511e-09	-3.503075e+01	-5.347912e+02
1.052000e-05	-3.918088e-09	-4.660589e-09	-3.525969e+01	-5.359066e+02
1.053000e-05	-3.943421e-09	-4.666585e-09	-3.548767e+01	-5.370019e+02
1.054000e-05	-3.968651e-09	-4.670368e-09	-3.571471e+01	-5.380774e+02
1.055000e-05	-3.993775e-09	-4.677917e-09	-3.594081e+01	-5.391339e+02
1.056000e-05	-4.018800e-09	-4.691963e-09	-3.616601e+01	-5.401720e+02
1.057000e-05	-4.043717e-09	-4.707552e-09	-3.639025e+01	-5.411922e+02
1.058000e-05	-4.068521e-09	-4.717951e-09	-3.661346e+01	-5.421953e+02
1.059000e-05	-4.093216e-09	-4.722226e-09	-3.683570e+01	-5.431819e+02
1.060000e-05	-4.117796e-09	-4.726250e-09	-3.705690e+01	-5.441528e+02
1.061000e-05	-4.142262e-09	-4.731999e-09	-3.727708e+01	-5.451086e+02
1.062000e-05	-4.166623e-09	-4.734955e-09	-3.749631e+01	-5.460501e+02
1.063000e-05	-4.190883e-09	-4.736832e-09	-3.771463e+01	-5.469781e+02
1.064000e-05	-4.215045e-09	-4.742014e-09	-3.793207e+01	-5.478931e+02
1.065000e-05	-4.239112e-09	-4.750045e-09	-3.814865e+01	-5.487961e+02
1.066000e-05	-4.263072e-09	-4.760520e-09	-3.836427e+01	-5.496876e+02
1.067000e-05	-4.286909e-09	-4.771083e-09	-3.857879e+01	-5.505685e+02
1.068000e-05	-4.310622e-09	-4.779233e-09	-3.879219e+01	-5.514394e+02
1.069000e-05	-4.334220e-09	-4.785509e-09	-3.900455e+01	-5.523009e+02
1.070000e-05	-4.357703e-09	-4.792063e-09	-3.921587e+01	-5.531538e+02
1.071000e-05	-4.381061e-09	-4.798804e-09	-3.942607e+01	-5.539987e+02
1.072000e-05	-4.404290e-09	-4.807861e-09	-3.963512e+01	-5.548362e+02
1.073000e-05	-4.427387e-09	-4.816986e-09	-3.984297e+01	-5.556668e+02
1.074000e-05	-4.450349e-09	-4.823507e-09	-4.004961e+01	-5.564912e+02
1.075000e-05	-4.473182e-09	-4.830189e-09	-4.025509e+01	-5.573098e+02
1.076000e-05	-4.495881e-09	-4.835590e-09	-4.045937e+01	-5.581230e+02
1.077000e-05	-4.518447e-09	-4.839896e-09	-4.066244e+01	-5.589315e+02
1.078000e-05	-4.540889e-09	-4.844846e-09	-4.086440e+01	-5.597354e+02
1.079000e-05	-4.563204e-09	-4.851253e-09	-4.106522e+01	-5.605353e+02
1.080000e-05	-4.585387e-09	-4.858672e-09	-4.126484e+01	-5.613314e+02
1.081000e-05	-4.607433e-09	-4.865245e-09	-4.146324e+01	-5.621241e+02
1.082000e-05	-4.629354e-09	-4.870620e-09	-4.166051e+01	-5.629135e+02
1.083000e-05	-4.651160e-09	-4.876260e-09	-4.185675e+01	-5.636999e+02
1.084000e-05	-4.672860e-09	-4.883216e-09	-4.205203e+01	-5.644834e+02
1.085000e-05	-4.694450e-09	-4.888779e-09	-4.224633e+01	-5.652642e+02
1.086000e-05	-4.715929e-09	-4.893730e-09	-4.243962e+01	-5.660424e+02
1.087000e-05	-4.737301e-09	-4.897287e-09	-4.263195e+01	-5.668181e+02
1.088000e-05	-4.758565e-09	-4.903766e-09	-4.282331e+01	-5.675912e+02
1.089000e-05	-4.779719e-09	-4.912547e-09	-4.301368e+01	-5.683618e+02
1.090000e-05	-4.800761e-09	-4.916242e-09	-4.320305e+01	-5.691298e+02
1.091000e-05	-4.821694e-09	-4.919168e-09	-4.339142e+01	-5.698953e+02
1.092000e-05	-4.842506e-09	-4.923804e-09	-4.357871e+01	-5.706580e+02
1.093000e-05	-4.863186e-09	-4.929217e-09	-4.376482e+01	-5.714179e+02
1.094000e-05	-4.883729e-09	-4.931178e-09	-4.394969e+01	-5.721749e+02
1.095000e-05	-4.904133e-09	-4.928826e-09	-4.413331e+01	-5.729288e+02
1.096000e-05	-4.924401e-09	-4.928251e-09	-4.431571e+01	-5.736794e+02
1.097000e-05	-4.944537e-09	-4.936425e-09	-4.449691e+01	-5.744267e+02
1.098000e-05	-4.964536e-09	-4.948837e-09	-4.467689e+01	-5.751703e+02
1.099000e-05	-4.984406e-09	-4.956474e-09	-4.485570e+01	-5.759101e+02
1.100000e-05	-5.004150e-09	-4.961082e-09	-4.503338e+01	-5.766459e+02
1.101000e-05	-5.023771e-09	-4.962839e-09	-4.520996e+01	-5.773774e+02
1.102000e-05	-5.043271e-09	-4.963882e-09	-4.538544e+01	-5.781046e+02
1.103000e-05	-5.062659e-09	-4.966370e-09	-4.555992e+01	-5.788271e+02
1.104000e-05	-5.081938e-09	-4.970311e-09	-4.573342e+01	-5.795447e+02
1.105000e-05	-5.101104e-09	-4.976966e-09	-4.590589e+01	-5.802573e+02
1.106000e-05	-5.120146e-09	-4.985054e-09	-4.607725e+01	-5.809646e+02
1.107000e-05	-5.139050e-09	-4.994653e-09	-4.624737e+01	-5.816664e+02
1.108000e-05	-5.157814e-09	-4.998795e-09	-4.641624e+01	-5.823626e+02
1.109000e-05	-5.176438e-09	-4.996651e-09	-4.658384e+01	-5.830529e+02
1.110000e-05	-5.194917e-09	-4.992578e-09	-4.675014e+01	-5.837373e+02
1.111000e-05	-5.213246e-09	-4.990781e-09	-4.691508e+01	-5.844155e+02
1.112000e-05	-5.231428e-09	-4.992595e-09	-4.707871e+01	-5.850874e+02
1.113000e-05	-5.249477e-09	-4.997750e-09	-4.724113e+01	-5.857528e+02
1.114000e-05	-5.267401e-09	-5.008694e-09	-4.740243e+01	-5.864117e+02
1.115000e-05	-5.285199e-09	-5.021224e-09	-4.756260e+01	-5.870639e+02
1.116000e-05	-5.302879e-09	-5.033264e-09	-4.772170e+01	-5.877094e+02
1.117000e-05	-5.320437e-09	-5.039662e-09	-4.787972e+01	-5.883480e+02
1.118000e-05	-5.337868e-09	-5.039652e-09	-4.803658e+01	-5.889797e+02
1.119000e-05	-5.355153e-09	-5.037391e-09	-4.819213e+01	-5.896044e+02
1.120000e-05	-5.372288e-09	-5.036743e-09	-4.834634e+01	-5.902220e+02
1.121000e-05	-5.389275e-09	-5.040152e-09	-4.849920e+01	-5.908327e+02
1.122000e-05	-5.406105e-09	-5.044222e-09	-4.865066e+01	-5.914362e+02
1.123000e-05	-5.422790e-09	-5.050025e-09	-4.880081e+01	-5.920327e+02
1.124000e-05	-5.439345e-09	-5.055471e-09	-4.894979e+01	-5.926221e+02
1.125000e-05	-5.455775e-09	-5.063496e-09	-4.909765e+01	-5.932044e+02
1.126000e-05	-5.472078e-09	-5.072590e-09	-4.924437e+01	-5.937797e+02
1.127000e-05	-5.488253e-09	-5.080602e-09	-4.938993e+01	-5.943479e+02
1.128000e-05	-5.504308e-09	-5.086725e-09	-4.953441e+01	-5.949091e+02
1.129000e-05	-5.520239e-09	-5.087639e-09	-4.967778e+01	-5.954633e+02
1.130000e-05	-5.536029e-09	-5.088269e-09	-4.981987e+01	-5.960106e+02
1.131000e-05	-5.551667e-09	-5.086518e-09	-4.996060e+01	-5.965511e+02
1.132000e-05	-5.567137e-09	-5.088648e-09	-5.009982e+01	-5.970847e+02
1.133000e-05	-5.582418e-09	-5.095856e-09	-5.023734e+01	-5.976115e+02
1.134000e-05	-5.597525e-09	-5.106412e-09	-5.037329e+01	-5.981316e+02
1.135000e-05	-5.612468e-09	-5.117974e-09	-5.050776e+01	-5.986451e+02
1.136000e-05	-5.627258e-09	-5.123096e-09	-5.064086e+01	-5.991519e+02
1.137000e-05	-5.641905e-09	-5.123603e-09	-5.077268e+01	-5.996522e+02
1.138000e-05	-5.656415e-09	-5.118924e-09	-5.090325e+01	-6.001461e+02
1.139000e-05	-5.670794e-09	-5.113242e-09	-5.103265e+01	-6.006334e+02
1.140000e-05	-5.685040e-09	-5.109754e-09	-5.116085e+01	-6.011145e+02
1.141000e-05	-5.699143e-09	-5.114356e-09	-5.128777e+01	-6.015891e+02
1.142000e-05	-5.713088e-09	-5.123909e-09	-5.141326e+01	-6.020576e+02
1.143000e-05	-5.726865e-09	-5.132963e-09	-5.153725e+01	-6.025198e+02
1.144000e-05	-5.740478e-09	-5.140675e-09	-5.165975e+01	-6.029758e+02
1.145000e-05	-5.753936e-09	-5.141844e-09	-5.178086e+01	-6.034258e+02
1.146000e-05	-5.767252e-09	-5.142999e-09	-5.190070e+01	-6.038696e+02
1.147000e-05	-5.780435e-09	-5.143161e-09	-5.201933e+01	-6.043075e+02
1.148000e-05	-5.793486e-09	-5.143761e-09	-5.213678e+01	-6.047394e+02
1.149000e-05	-5.806404e-09	-5.144967e-09	-5.225303e+01	-6.051654e+02
1.150000e-05	-5.819187e-09	-5.148540e-09	-5.236808e+01	-6.055855e+02
1.151000e-05	-5.831833e-09	-5.154706e-09	-5.248188e+01	-6.059998e+02
1.152000e-05	-5.844327e-09	-5.156924e-09	-5.259431e+01	-6.064083e+02
1.153000e-05	-5.856656e-09	-5.157638e-09	-5.270526e+01	-6.068110e+02
1.154000e-05	-5.868809e-09	-5.155487e-09	-5.281463e+01	-6.072081e+02
1.155000e-05	-5.880799e-09	-5.155129e-09	-5.292253e+01	-6.075995e+02
1.156000e-05	-5.892645e-09	-5.155981e-09	-5.302913e+01	-6.079853e+02
1.157000e-05	-5.904356e-09	-5.157377e-09	-5.313452e+01	-6.083655e+02
1.158000e-05	-5.915930e-09	-5.158920e-09	-5.323869e+01	-6.087403e+02
1.159000e-05	-5.927356e-09	-5.158863e-09	-5.334151e+01	-6.091096e+02
1.160000e-05	-5.938633e-09	-5.159646e-09	-5.344299e+01	-6.094735e+02
1.161000e-05	-5.949769e-09	-5.159445e-09	-5.354321e+01	-6.098321e+02
1.162000e-05	-5.960765e-09	-5.160840e-09	-5.364217e+01	-6.101853e+02
1.163000e-05	-5.971599e-09	-5.163006e-09	-5.373966e+01	-6.105333e+02
1.164000e-05	-5.982241e-09	-5.167661e-09	-5.383543e+01	-6.108762e+02
1.165000e-05	-5.992687e-09	-5.171255e-09	-5.392944e+01	-6.112139e+02
1.166000e-05	-6.002950e-09	-5.172062e-09	-5.402179e+01	-6.115465e+02
1.167000e-05	-6.013045e-09	-5.172089e-09	-5.411264e+01	-6.118741e+02
1.168000e-05	-6.022980e-09	-5.170630e-09	-5.420205e+01	-6.121968e+02
1.169000e-05	-6.032735e-09	-5.169133e-09	-5.428984e+01	-6.125145e+02
1.170000e-05	-6.042292e-09	-5.165305e-09	-5.437584e+01	-6.128273e+02
1.171000e-05	-6.051659e-09	-5.163372e-09	-5.446014e+01	-6.131353e+02
1.172000e-05	-6.060862e-09	-5.163442e-09	-5.454295e+01	-6.134385e+02
1.173000e-05	-6.069920e-09	-5.164938e-09	-5.462447e+01	-6.137370e+02
1.174000e-05	-6.078838e-09	-5.166007e-09	-5.470473e+01	-6.140306e+02
1.175000e-05	-6.087619e-09	-5.166864e-09	-5.478375e+01	-6.143195e+02
1.176000e-05	-6.096277e-09	-5.169048e-09	-5.486167e+01	-6.146037e+02
1.177000e-05	-6.104813e-09	-5.169748e-09	-5.493848e+01	-6.148832e+02
1.178000e-05	-6.113217e-09	-5.172101e-09	-5.501411e+01	-6.151578e+02
1.179000e-05	-6.121476e-09	-5.172126e-09	-5.508843e+01	-6.154277e+02
1.180000e-05	-6.129593e-09	-5.170627e-09	-5.516148e+01	-6.156926e+02
1.181000e-05	-6.137569e-09	-5.169917e-09	-5.523326e+01	-6.159527e+02
1.182000e-05	-6.145406e-09	-5.171707e-09	-5.530378e+01	-6.162077e+02
1.183000e-05	-6.153084e-09	-5.176340e-09	-5.537289e+01	-6.164576e+02
1.184000e-05	-6.160577e-09	-5.179205e-09	-5.544031e+01	-6.167023e+02
1.185000e-05	-6.167872e-09	-5.180848e-09	-5.550596e+01	-6.169415e+02
1.186000e-05	-6.174995e-09	-5.180054e-09	-5.557007e+01	-6.171752e+02
1.187000e-05	-6.181982e-09	-5.179943e-09	-5.563294e+01	-6.174031e+02
1.188000e-05	-6.188834e-09	-5.179922e-09	-5.569461e+01	-6.176250e+02
1.189000e-05	-6.195540e-09	-5.177967e-09	-5.575495e+01	-6.178407e+02
1.190000e-05	-6.202089e-09	-5.175893e-09	-5.581388e+01	-6.180499e+02
1.191000e-05	-6.208485e-09	-5.176899e-09	-5.587144e+01	-6.182523e+02
1.192000e-05	-6.214745e-09	-5.180565e-09	-5.592778e+01	-6.184477e+02
1.193000e-05	-6.220858e-09	-5.179805e-09	-5.598279e+01	-6.186356e+02
1.194000e-05	-6.226776e-09	-5.177637e-09	-5.603605e+01	-6.188157e+02
1.195000e-05	-6.232480e-09	-5.180108e-09	-5.608738e+01	-6.189876e+02
1.196000e-05	-6.238009e-09	-5.185222e-09	-5.613714e+01	-6.191509e+02
1.197000e-05	-6.243399e-09	-5.187844e-09	-5.618565e+01	-6.193052e+02
1.198000e-05	-6.248643e-09	-5.185256e-09	-5.623283e+01	-6.194501e+02
1.199000e-05	-6.253726e-09	-5.180934e-09	-5.627858e+01	-6.195850e+02
1.200000e-05	-6.258651e-09	-5.178676e-09	-5.632290e+01	-6.197094e+02
1.201000e-05	-6.263433e-09	-5.177330e-09	-5.636593e+01	-6.198230e+02
1.202000e-05	-6.268089e-09	-5.174486e-09	-5.640784e+01	-6.199250e+02
1.203000e-05	-6.272603e-09	-5.173606e-09	-5.644846e+01	-6.200152e+02
1.204000e-05	-6.276915e-09	-5.175671e-09	-5.648726e+01	-6.200928e+02
1.205000e-05	-6.281006e-09	-5.178577e-09	-5.652408e+01	-6.201574e+02
1.206000e-05	-6.284928e-09	-5.179432e-09	-5.655938e+01	-6.202084e+02
1.207000e-05	-6.288723e-09	-5.175637e-09	-5.659353e+01	-6.202453e+02
1.208000e-05	-6.292381e-09	-5.170694e-09	-5.662645e+01	-6.202675e+02
1.209000e-05	-6.295888e-09	-5.167852e-09	-5.665800e+01	-6.202746e+02
1.210000e-05	-6.299243e-09	-5.166957e-09	-5.668819e+01	-6.202660e+02
1.211000e-05	-6.302444e-09	-5.164734e-09	-5.671701e+01	-6.202413e+02
1.212000e-05	-6.305515e-09	-5.161465e-09	-5.674464e+01	-6.201998e+02
1.213000e-05	-6.308442e-09	-5.158927e-09	-5.677098e+01	-6.201413e+02
1.214000e-05	-6.311154e-09	-5.156771e-09	-5.679539e+01	-6.200652e+02
1.215000e-05	-6.313627e-09	-5.154950e-09	-5.681764e+01	-6.199712e+02
1.216000e-05	-6.315907e-09	-5.151179e-09	-5.683816e+01	-6.198589e+02
1.217000e-05	-6.318020e-09	-5.148729e-09	-5.685717e+01	-6.197280e+02
1.218000e-05	-6.319971e-09	-5.147705e-09	-5.687473e+01	-6.195782e+02
1.219000e-05	-6.321771e-09	-5.144709e-09	-5.689093e+01	-6.194092e+02
1.220000e-05	-6.323419e-09	-5.140989e-09	-5.690576e+01	-6.192209e+02
1.221000e-05	-6.324932e-09	-5.134035e-09	-5.691938e+01	-6.190131e+02
1.222000e-05	-6.326320e-09	-5.128958e-09	-5.693187e+01	-6.187857e+02
1.223000e-05	-6.327540e-09	-5.127184e-09	-5.694285e+01	-6.185388e+02
1.224000e-05	-6.328537e-09	-5.125242e-09	-5.695183e+01	-6.182723e+02
1.225000e-05	-6.329331e-09	-5.127140e-09	-5.695897e+01	-6.179863e+02
1.226000e-05	-6.329983e-09	-5.131315e-09	-5.696483e+01	-6.176809e+02
1.227000e-05	-6.330502e-09	-5.134815e-09	-5.696951e+01	-6.173565e+02
1.228000e-05	-6.330876e-09	-5.131063e-09	-5.697287e+01	-6.170132e+02
1.229000e-05	-6.331104e-09	-5.121683e-09	-5.697492e+01	-6.166515e+02
