# Temperatura_=_20.0
# Concentracion g/m^3_=_14600.0
# C_Vs_to_Am_M_A/Vsm_=_116720831517.84952
# pendiente_HvsI_1/m_=_3716.3
# ordenada_HvsI_A/m_=_1297.0
# frecuencia_Hz_=_81280.81619350107
# Promedio de 26 ciclos

Tiempo_(s)	Campo_(V.s)	Magnetizacion_(V.s)	Campo_(kA/m)	Magnetizacion_(A/m)
0.000000e+00	-6.267045e-09	-5.150812e-09	-5.700957e+01	-6.087407e+02
1.000000e-08	-6.267095e-09	-5.152111e-09	-5.701002e+01	-6.087600e+02
2.000000e-08	-6.267003e-09	-5.151858e-09	-5.700918e+01	-6.087525e+02
3.000000e-08	-6.266796e-09	-5.147281e-09	-5.700730e+01	-6.087171e+02
4.000000e-08	-6.266438e-09	-5.141293e-09	-5.700405e+01	-6.086530e+02
5.000000e-08	-6.265881e-09	-5.137302e-09	-5.699898e+01	-6.085597e+02
6.000000e-08	-6.265122e-09	-5.136327e-09	-5.699207e+01	-6.084366e+02
7.000000e-08	-6.264196e-09	-5.135999e-09	-5.698364e+01	-6.082837e+02
8.000000e-08	-6.263104e-09	-5.127590e-09	-5.697371e+01	-6.081011e+02
9.000000e-08	-6.261796e-09	-5.125824e-09	-5.696182e+01	-6.078891e+02
1.000000e-07	-6.260226e-09	-5.182152e-09	-5.694754e+01	-6.076483e+02
1.100000e-07	-6.258445e-09	-5.269172e-09	-5.693133e+01	-6.073796e+02
1.200000e-07	-6.256609e-09	-5.242645e-09	-5.691464e+01	-6.070839e+02
1.300000e-07	-6.254793e-09	-5.190228e-09	-5.689812e+01	-6.067626e+02
1.400000e-07	-6.252885e-09	-5.216084e-09	-5.688076e+01	-6.064171e+02
1.500000e-07	-6.250742e-09	-5.187238e-09	-5.686127e+01	-6.060492e+02
1.600000e-07	-6.248369e-09	-5.098603e-09	-5.683968e+01	-6.056606e+02
1.700000e-07	-6.245815e-09	-5.096831e-09	-5.681645e+01	-6.052533e+02
1.800000e-07	-6.243064e-09	-5.174284e-09	-5.679142e+01	-6.048296e+02
1.900000e-07	-6.240085e-09	-5.198149e-09	-5.676432e+01	-6.043917e+02
2.000000e-07	-6.236906e-09	-5.183369e-09	-5.673541e+01	-6.039419e+02
2.100000e-07	-6.233555e-09	-5.195422e-09	-5.670492e+01	-6.034827e+02
2.200000e-07	-6.230042e-09	-5.180500e-09	-5.667296e+01	-6.030166e+02
2.300000e-07	-6.226378e-09	-5.147770e-09	-5.663963e+01	-6.025461e+02
2.400000e-07	-6.222523e-09	-5.114657e-09	-5.660456e+01	-6.020738e+02
2.500000e-07	-6.218498e-09	-5.124153e-09	-5.656796e+01	-6.016020e+02
2.600000e-07	-6.214353e-09	-5.162965e-09	-5.653025e+01	-6.011334e+02
2.700000e-07	-6.210092e-09	-5.158997e-09	-5.649148e+01	-6.006702e+02
2.800000e-07	-6.205678e-09	-5.162854e-09	-5.645133e+01	-6.002148e+02
2.900000e-07	-6.201095e-09	-5.148444e-09	-5.640965e+01	-5.997693e+02
3.000000e-07	-6.196375e-09	-5.113770e-09	-5.636671e+01	-5.993358e+02
3.100000e-07	-6.191522e-09	-5.092304e-09	-5.632256e+01	-5.989161e+02
3.200000e-07	-6.186505e-09	-5.111470e-09	-5.627692e+01	-5.985119e+02
3.300000e-07	-6.181288e-09	-5.119622e-09	-5.622946e+01	-5.981248e+02
3.400000e-07	-6.175890e-09	-5.112083e-09	-5.618037e+01	-5.977561e+02
3.500000e-07	-6.170333e-09	-5.136866e-09	-5.612982e+01	-5.974068e+02
3.600000e-07	-6.164618e-09	-5.134218e-09	-5.607782e+01	-5.970779e+02
3.700000e-07	-6.158756e-09	-5.108801e-09	-5.602450e+01	-5.967699e+02
3.800000e-07	-6.152743e-09	-5.089202e-09	-5.596980e+01	-5.964832e+02
3.900000e-07	-6.146571e-09	-5.094654e-09	-5.591366e+01	-5.962180e+02
4.000000e-07	-6.140237e-09	-5.099974e-09	-5.585604e+01	-5.959741e+02
4.100000e-07	-6.133751e-09	-5.104282e-09	-5.579704e+01	-5.957513e+02
4.200000e-07	-6.127135e-09	-5.115117e-09	-5.573685e+01	-5.955489e+02
4.300000e-07	-6.120384e-09	-5.106280e-09	-5.567544e+01	-5.953661e+02
4.400000e-07	-6.113461e-09	-5.105266e-09	-5.561247e+01	-5.952019e+02
4.500000e-07	-6.106333e-09	-5.097863e-09	-5.554762e+01	-5.950550e+02
4.600000e-07	-6.099017e-09	-5.086364e-09	-5.548108e+01	-5.949239e+02
4.700000e-07	-6.091552e-09	-5.078552e-09	-5.541317e+01	-5.948071e+02
4.800000e-07	-6.083942e-09	-5.088540e-09	-5.534394e+01	-5.947026e+02
4.900000e-07	-6.076170e-09	-5.103613e-09	-5.527325e+01	-5.946086e+02
5.000000e-07	-6.068243e-09	-5.103550e-09	-5.520113e+01	-5.945229e+02
5.100000e-07	-6.060176e-09	-5.104182e-09	-5.512775e+01	-5.944434e+02
5.200000e-07	-6.051983e-09	-5.094815e-09	-5.505322e+01	-5.943677e+02
5.300000e-07	-6.043645e-09	-5.092742e-09	-5.497737e+01	-5.942934e+02
5.400000e-07	-6.035102e-09	-5.087489e-09	-5.489966e+01	-5.942183e+02
5.500000e-07	-6.026346e-09	-5.082917e-09	-5.482001e+01	-5.941398e+02
5.600000e-07	-6.017410e-09	-5.085466e-09	-5.473872e+01	-5.940556e+02
5.700000e-07	-6.008332e-09	-5.090408e-09	-5.465614e+01	-5.939632e+02
5.800000e-07	-5.999120e-09	-5.097819e-09	-5.457234e+01	-5.938604e+02
5.900000e-07	-5.989755e-09	-5.092732e-09	-5.448715e+01	-5.937448e+02
6.000000e-07	-5.980238e-09	-5.089708e-09	-5.440058e+01	-5.936142e+02
6.100000e-07	-5.970572e-09	-5.082081e-09	-5.431265e+01	-5.934667e+02
6.200000e-07	-5.960750e-09	-5.078291e-09	-5.422330e+01	-5.933003e+02
6.300000e-07	-5.950738e-09	-5.077548e-09	-5.413223e+01	-5.931131e+02
6.400000e-07	-5.940514e-09	-5.076471e-09	-5.403922e+01	-5.929037e+02
6.500000e-07	-5.930079e-09	-5.080547e-09	-5.394430e+01	-5.926705e+02
6.600000e-07	-5.919457e-09	-5.080764e-09	-5.384767e+01	-5.924124e+02
6.700000e-07	-5.908672e-09	-5.080799e-09	-5.374957e+01	-5.921283e+02
6.800000e-07	-5.897731e-09	-5.070649e-09	-5.365004e+01	-5.918174e+02
6.900000e-07	-5.886637e-09	-5.060619e-09	-5.354912e+01	-5.914792e+02
7.000000e-07	-5.875400e-09	-5.052474e-09	-5.344690e+01	-5.911131e+02
7.100000e-07	-5.864029e-09	-5.046940e-09	-5.334346e+01	-5.907193e+02
7.200000e-07	-5.852513e-09	-5.046269e-09	-5.323870e+01	-5.902976e+02
7.300000e-07	-5.840833e-09	-5.043881e-09	-5.313245e+01	-5.898484e+02
7.400000e-07	-5.828976e-09	-5.043799e-09	-5.302459e+01	-5.893723e+02
7.500000e-07	-5.816946e-09	-5.038192e-09	-5.291516e+01	-5.888700e+02
7.600000e-07	-5.804772e-09	-5.032016e-09	-5.280442e+01	-5.883425e+02
7.700000e-07	-5.792463e-09	-5.023263e-09	-5.269244e+01	-5.877909e+02
7.800000e-07	-5.780014e-09	-5.015880e-09	-5.257920e+01	-5.872166e+02
7.900000e-07	-5.767422e-09	-5.013178e-09	-5.246466e+01	-5.866210e+02
8.000000e-07	-5.754691e-09	-5.011646e-09	-5.234884e+01	-5.860059e+02
8.100000e-07	-5.741818e-09	-5.010675e-09	-5.223174e+01	-5.853730e+02
8.200000e-07	-5.728791e-09	-5.002915e-09	-5.211324e+01	-5.847243e+02
8.300000e-07	-5.715610e-09	-4.995077e-09	-5.199334e+01	-5.840618e+02
8.400000e-07	-5.702266e-09	-4.984538e-09	-5.187195e+01	-5.833876e+02
8.500000e-07	-5.688758e-09	-4.974039e-09	-5.174907e+01	-5.827039e+02
8.600000e-07	-5.675095e-09	-4.964668e-09	-5.162479e+01	-5.820129e+02
8.700000e-07	-5.661294e-09	-4.957859e-09	-5.149924e+01	-5.813167e+02
8.800000e-07	-5.647370e-09	-4.958475e-09	-5.137258e+01	-5.806177e+02
8.900000e-07	-5.633319e-09	-4.960315e-09	-5.124476e+01	-5.799180e+02
9.000000e-07	-5.619129e-09	-4.960379e-09	-5.111568e+01	-5.792199e+02
9.100000e-07	-5.604794e-09	-4.951340e-09	-5.098528e+01	-5.785253e+02
9.200000e-07	-5.590317e-09	-4.940272e-09	-5.085358e+01	-5.778364e+02
9.300000e-07	-5.575697e-09	-4.929942e-09	-5.072059e+01	-5.771549e+02
9.400000e-07	-5.560925e-09	-4.920522e-09	-5.058622e+01	-5.764828e+02
9.500000e-07	-5.545982e-09	-4.914323e-09	-5.045028e+01	-5.758217e+02
9.600000e-07	-5.530853e-09	-4.909382e-09	-5.031266e+01	-5.751731e+02
9.700000e-07	-5.515547e-09	-4.908069e-09	-5.017342e+01	-5.745382e+02
9.800000e-07	-5.500083e-09	-4.906513e-09	-5.003275e+01	-5.739184e+02
9.900000e-07	-5.484468e-09	-4.905151e-09	-4.989071e+01	-5.733146e+02
1.000000e-06	-5.468698e-09	-4.900842e-09	-4.974726e+01	-5.727275e+02
1.010000e-06	-5.452770e-09	-4.894710e-09	-4.960236e+01	-5.721577e+02
1.020000e-06	-5.436692e-09	-4.887924e-09	-4.945611e+01	-5.716057e+02
1.030000e-06	-5.420465e-09	-4.879274e-09	-4.930849e+01	-5.710715e+02
1.040000e-06	-5.404078e-09	-4.870573e-09	-4.915942e+01	-5.705552e+02
1.050000e-06	-5.387546e-09	-4.862218e-09	-4.900903e+01	-5.700565e+02
1.060000e-06	-5.370885e-09	-4.859853e-09	-4.885747e+01	-5.695748e+02
1.070000e-06	-5.354100e-09	-4.861134e-09	-4.870478e+01	-5.691096e+02
1.080000e-06	-5.337192e-09	-4.861144e-09	-4.855098e+01	-5.686600e+02
1.090000e-06	-5.320161e-09	-4.861751e-09	-4.839605e+01	-5.682249e+02
1.100000e-06	-5.303012e-09	-4.863472e-09	-4.824006e+01	-5.678031e+02
1.110000e-06	-5.285745e-09	-4.863422e-09	-4.808298e+01	-5.673931e+02
1.120000e-06	-5.268354e-09	-4.855442e-09	-4.792478e+01	-5.669935e+02
1.130000e-06	-5.250842e-09	-4.841977e-09	-4.776548e+01	-5.666025e+02
1.140000e-06	-5.233204e-09	-4.832619e-09	-4.760503e+01	-5.662183e+02
1.150000e-06	-5.215435e-09	-4.827180e-09	-4.744339e+01	-5.658390e+02
1.160000e-06	-5.197530e-09	-4.823693e-09	-4.728052e+01	-5.654625e+02
1.170000e-06	-5.179495e-09	-4.823114e-09	-4.711645e+01	-5.650866e+02
1.180000e-06	-5.161320e-09	-4.826538e-09	-4.695113e+01	-5.647094e+02
1.190000e-06	-5.142994e-09	-4.833267e-09	-4.678442e+01	-5.643284e+02
1.200000e-06	-5.124513e-09	-4.834280e-09	-4.661630e+01	-5.639416e+02
1.210000e-06	-5.105886e-09	-4.826442e-09	-4.644685e+01	-5.635466e+02
1.220000e-06	-5.087132e-09	-4.815489e-09	-4.627625e+01	-5.631412e+02
1.230000e-06	-5.068260e-09	-4.807822e-09	-4.610458e+01	-5.627234e+02
1.240000e-06	-5.049273e-09	-4.803929e-09	-4.593186e+01	-5.622908e+02
1.250000e-06	-5.030160e-09	-4.800855e-09	-4.575800e+01	-5.618416e+02
1.260000e-06	-5.010919e-09	-4.800867e-09	-4.558297e+01	-5.613737e+02
1.270000e-06	-4.991551e-09	-4.802976e-09	-4.540678e+01	-5.608852e+02
1.280000e-06	-4.972049e-09	-4.804807e-09	-4.522938e+01	-5.603745e+02
1.290000e-06	-4.952417e-09	-4.802095e-09	-4.505079e+01	-5.598399e+02
1.300000e-06	-4.932658e-09	-4.794368e-09	-4.487105e+01	-5.592799e+02
1.310000e-06	-4.912763e-09	-4.784162e-09	-4.469007e+01	-5.586932e+02
1.320000e-06	-4.892721e-09	-4.774017e-09	-4.450775e+01	-5.580788e+02
1.330000e-06	-4.872540e-09	-4.765713e-09	-4.432417e+01	-5.574356e+02
1.340000e-06	-4.852232e-09	-4.756577e-09	-4.413944e+01	-5.567628e+02
1.350000e-06	-4.831810e-09	-4.749191e-09	-4.395367e+01	-5.560599e+02
1.360000e-06	-4.811275e-09	-4.743716e-09	-4.376686e+01	-5.553265e+02
1.370000e-06	-4.790621e-09	-4.740002e-09	-4.357898e+01	-5.545624e+02
1.380000e-06	-4.769850e-09	-4.735598e-09	-4.339004e+01	-5.537675e+02
1.390000e-06	-4.748960e-09	-4.729434e-09	-4.320001e+01	-5.529421e+02
1.400000e-06	-4.727945e-09	-4.722671e-09	-4.300883e+01	-5.520865e+02
1.410000e-06	-4.706800e-09	-4.712889e-09	-4.281648e+01	-5.512012e+02
1.420000e-06	-4.685534e-09	-4.703379e-09	-4.262304e+01	-5.502871e+02
1.430000e-06	-4.664151e-09	-4.692843e-09	-4.242852e+01	-5.493451e+02
1.440000e-06	-4.642641e-09	-4.681290e-09	-4.223285e+01	-5.483761e+02
1.450000e-06	-4.620996e-09	-4.669805e-09	-4.203595e+01	-5.473815e+02
1.460000e-06	-4.599221e-09	-4.660717e-09	-4.183787e+01	-5.463626e+02
1.470000e-06	-4.577326e-09	-4.654290e-09	-4.163870e+01	-5.453209e+02
1.480000e-06	-4.555323e-09	-4.646908e-09	-4.143854e+01	-5.442579e+02
1.490000e-06	-4.533217e-09	-4.638119e-09	-4.123745e+01	-5.431755e+02
1.500000e-06	-4.511003e-09	-4.625923e-09	-4.103537e+01	-5.420754e+02
1.510000e-06	-4.488677e-09	-4.613729e-09	-4.083228e+01	-5.409594e+02
1.520000e-06	-4.466236e-09	-4.601879e-09	-4.062815e+01	-5.398294e+02
1.530000e-06	-4.443679e-09	-4.590835e-09	-4.042295e+01	-5.386874e+02
1.540000e-06	-4.421000e-09	-4.581964e-09	-4.021665e+01	-5.375352e+02
1.550000e-06	-4.398199e-09	-4.574631e-09	-4.000923e+01	-5.363749e+02
1.560000e-06	-4.375282e-09	-4.566563e-09	-3.980076e+01	-5.352083e+02
1.570000e-06	-4.352246e-09	-4.552939e-09	-3.959121e+01	-5.340372e+02
1.580000e-06	-4.329078e-09	-4.538773e-09	-3.938046e+01	-5.328636e+02
1.590000e-06	-4.305774e-09	-4.527680e-09	-3.916847e+01	-5.316890e+02
1.600000e-06	-4.282337e-09	-4.518305e-09	-3.895527e+01	-5.305151e+02
1.610000e-06	-4.258783e-09	-4.508207e-09	-3.874100e+01	-5.293435e+02
1.620000e-06	-4.235116e-09	-4.496262e-09	-3.852572e+01	-5.281755e+02
1.630000e-06	-4.211345e-09	-4.484427e-09	-3.830947e+01	-5.270124e+02
1.640000e-06	-4.187470e-09	-4.473010e-09	-3.809229e+01	-5.258553e+02
1.650000e-06	-4.163490e-09	-4.462601e-09	-3.787415e+01	-5.247052e+02
1.660000e-06	-4.139404e-09	-4.451268e-09	-3.765505e+01	-5.235627e+02
1.670000e-06	-4.115209e-09	-4.441538e-09	-3.743496e+01	-5.224286e+02
1.680000e-06	-4.090907e-09	-4.435541e-09	-3.721388e+01	-5.213033e+02
1.690000e-06	-4.066499e-09	-4.430001e-09	-3.699186e+01	-5.201869e+02
1.700000e-06	-4.041991e-09	-4.423026e-09	-3.676891e+01	-5.190795e+02
1.710000e-06	-4.017383e-09	-4.413912e-09	-3.654506e+01	-5.179809e+02
1.720000e-06	-3.992667e-09	-4.403834e-09	-3.632023e+01	-5.168907e+02
1.730000e-06	-3.967836e-09	-4.392683e-09	-3.609435e+01	-5.158085e+02
1.740000e-06	-3.942891e-09	-4.380286e-09	-3.586743e+01	-5.147334e+02
1.750000e-06	-3.917837e-09	-4.366113e-09	-3.563952e+01	-5.136645e+02
1.760000e-06	-3.892679e-09	-4.356068e-09	-3.541067e+01	-5.126007e+02
1.770000e-06	-3.867426e-09	-4.352523e-09	-3.518095e+01	-5.115407e+02
1.780000e-06	-3.842082e-09	-4.347908e-09	-3.495040e+01	-5.104831e+02
1.790000e-06	-3.816647e-09	-4.340165e-09	-3.471901e+01	-5.094263e+02
1.800000e-06	-3.791121e-09	-4.331563e-09	-3.448681e+01	-5.083685e+02
1.810000e-06	-3.765504e-09	-4.323350e-09	-3.425378e+01	-5.073080e+02
1.820000e-06	-3.739792e-09	-4.313055e-09	-3.401989e+01	-5.062427e+02
1.830000e-06	-3.713982e-09	-4.301333e-09	-3.378511e+01	-5.051705e+02
1.840000e-06	-3.688075e-09	-4.289674e-09	-3.354944e+01	-5.040895e+02
1.850000e-06	-3.662073e-09	-4.279138e-09	-3.331290e+01	-5.029973e+02
1.860000e-06	-3.635976e-09	-4.270365e-09	-3.307551e+01	-5.018918e+02
1.870000e-06	-3.609784e-09	-4.260807e-09	-3.283725e+01	-5.007708e+02
1.880000e-06	-3.583496e-09	-4.252026e-09	-3.259811e+01	-4.996319e+02
1.890000e-06	-3.557110e-09	-4.244608e-09	-3.235809e+01	-4.984730e+02
1.900000e-06	-3.530624e-09	-4.238026e-09	-3.211715e+01	-4.972919e+02
1.910000e-06	-3.504042e-09	-4.230261e-09	-3.187534e+01	-4.960865e+02
1.920000e-06	-3.477368e-09	-4.219662e-09	-3.163270e+01	-4.948547e+02
1.930000e-06	-3.450608e-09	-4.207848e-09	-3.138927e+01	-4.935946e+02
1.940000e-06	-3.423764e-09	-4.194955e-09	-3.114508e+01	-4.923042e+02
1.950000e-06	-3.396840e-09	-4.180423e-09	-3.090016e+01	-4.909820e+02
1.960000e-06	-3.369836e-09	-4.164303e-09	-3.065450e+01	-4.896262e+02
1.970000e-06	-3.342753e-09	-4.149531e-09	-3.040814e+01	-4.882354e+02
1.980000e-06	-3.315586e-09	-4.137297e-09	-3.016101e+01	-4.868084e+02
1.990000e-06	-3.288329e-09	-4.127160e-09	-2.991306e+01	-4.853441e+02
2.000000e-06	-3.260979e-09	-4.118747e-09	-2.966426e+01	-4.838415e+02
2.010000e-06	-3.233538e-09	-4.108942e-09	-2.941464e+01	-4.822999e+02
2.020000e-06	-3.206005e-09	-4.096729e-09	-2.916418e+01	-4.807188e+02
2.030000e-06	-3.178383e-09	-4.083054e-09	-2.891292e+01	-4.790978e+02
2.040000e-06	-3.150674e-09	-4.067226e-09	-2.866086e+01	-4.774368e+02
2.050000e-06	-3.122876e-09	-4.048948e-09	-2.840799e+01	-4.757358e+02
2.060000e-06	-3.094990e-09	-4.028624e-09	-2.815431e+01	-4.739951e+02
2.070000e-06	-3.067018e-09	-4.009098e-09	-2.789986e+01	-4.722152e+02
2.080000e-06	-3.038959e-09	-3.994386e-09	-2.764461e+01	-4.703967e+02
2.090000e-06	-3.010808e-09	-3.983636e-09	-2.738853e+01	-4.685404e+02
2.100000e-06	-2.982570e-09	-3.972005e-09	-2.713166e+01	-4.666473e+02
2.110000e-06	-2.954247e-09	-3.956022e-09	-2.687401e+01	-4.647185e+02
2.120000e-06	-2.925832e-09	-3.935614e-09	-2.661553e+01	-4.627554e+02
2.130000e-06	-2.897333e-09	-3.913871e-09	-2.635629e+01	-4.607593e+02
2.140000e-06	-2.868758e-09	-3.892941e-09	-2.609635e+01	-4.587318e+02
2.150000e-06	-2.840103e-09	-3.871101e-09	-2.583568e+01	-4.566746e+02
2.160000e-06	-2.811370e-09	-3.850335e-09	-2.557430e+01	-4.545893e+02
2.170000e-06	-2.782558e-09	-3.833415e-09	-2.531221e+01	-4.524777e+02
2.180000e-06	-2.753668e-09	-3.818777e-09	-2.504940e+01	-4.503417e+02
2.190000e-06	-2.724706e-09	-3.804002e-09	-2.478594e+01	-4.481831e+02
2.200000e-06	-2.695670e-09	-3.785880e-09	-2.452181e+01	-4.460037e+02
2.210000e-06	-2.666561e-09	-3.764630e-09	-2.425701e+01	-4.438054e+02
2.220000e-06	-2.637389e-09	-3.742882e-09	-2.399164e+01	-4.415899e+02
2.230000e-06	-2.608148e-09	-3.721297e-09	-2.372565e+01	-4.393590e+02
2.240000e-06	-2.578838e-09	-3.697749e-09	-2.345902e+01	-4.371143e+02
2.250000e-06	-2.549461e-09	-3.673103e-09	-2.319179e+01	-4.348574e+02
2.260000e-06	-2.520028e-09	-3.651381e-09	-2.292405e+01	-4.325897e+02
2.270000e-06	-2.490539e-09	-3.634924e-09	-2.265579e+01	-4.303125e+02
2.280000e-06	-2.460991e-09	-3.621745e-09	-2.238700e+01	-4.280270e+02
2.290000e-06	-2.431381e-09	-3.607175e-09	-2.211765e+01	-4.257341e+02
2.300000e-06	-2.401713e-09	-3.589998e-09	-2.184777e+01	-4.234346e+02
2.310000e-06	-2.371991e-09	-3.571046e-09	-2.157739e+01	-4.211291e+02
2.320000e-06	-2.342216e-09	-3.550871e-09	-2.130654e+01	-4.188181e+02
2.330000e-06	-2.312385e-09	-3.529123e-09	-2.103518e+01	-4.165017e+02
2.340000e-06	-2.282499e-09	-3.506393e-09	-2.076331e+01	-4.141800e+02
2.350000e-06	-2.252562e-09	-3.484150e-09	-2.049098e+01	-4.118526e+02
2.360000e-06	-2.222577e-09	-3.465017e-09	-2.021821e+01	-4.095192e+02
2.370000e-06	-2.192540e-09	-3.447868e-09	-1.994497e+01	-4.071790e+02
2.380000e-06	-2.162452e-09	-3.430510e-09	-1.967127e+01	-4.048311e+02
2.390000e-06	-2.132313e-09	-3.413094e-09	-1.939711e+01	-4.024745e+02
2.400000e-06	-2.102121e-09	-3.394478e-09	-1.912246e+01	-4.001076e+02
2.410000e-06	-2.071876e-09	-3.373968e-09	-1.884733e+01	-3.977290e+02
2.420000e-06	-2.041577e-09	-3.352061e-09	-1.857171e+01	-3.953370e+02
2.430000e-06	-2.011226e-09	-3.329384e-09	-1.829561e+01	-3.929295e+02
2.440000e-06	-1.980827e-09	-3.306088e-09	-1.801908e+01	-3.905044e+02
2.450000e-06	-1.950375e-09	-3.282066e-09	-1.774207e+01	-3.880595e+02
2.460000e-06	-1.919868e-09	-3.259454e-09	-1.746456e+01	-3.855923e+02
2.470000e-06	-1.889306e-09	-3.239658e-09	-1.718654e+01	-3.831002e+02
2.480000e-06	-1.858690e-09	-3.220042e-09	-1.690803e+01	-3.805805e+02
2.490000e-06	-1.828024e-09	-3.199586e-09	-1.662907e+01	-3.780304e+02
2.500000e-06	-1.797311e-09	-3.178748e-09	-1.634969e+01	-3.754470e+02
2.510000e-06	-1.766549e-09	-3.157855e-09	-1.606986e+01	-3.728273e+02
2.520000e-06	-1.735740e-09	-3.136573e-09	-1.578960e+01	-3.701684e+02
2.530000e-06	-1.704888e-09	-3.112158e-09	-1.550895e+01	-3.674672e+02
2.540000e-06	-1.673995e-09	-3.083467e-09	-1.522792e+01	-3.647206e+02
2.550000e-06	-1.643056e-09	-3.057034e-09	-1.494648e+01	-3.619255e+02
2.560000e-06	-1.612069e-09	-3.035099e-09	-1.466460e+01	-3.590790e+02
2.570000e-06	-1.581037e-09	-3.013256e-09	-1.438230e+01	-3.561780e+02
2.580000e-06	-1.549961e-09	-2.987544e-09	-1.409962e+01	-3.532195e+02
2.590000e-06	-1.518848e-09	-2.957750e-09	-1.381659e+01	-3.502007e+02
2.600000e-06	-1.487692e-09	-2.929141e-09	-1.353317e+01	-3.471188e+02
2.610000e-06	-1.456491e-09	-2.901495e-09	-1.324934e+01	-3.439709e+02
2.620000e-06	-1.425252e-09	-2.873154e-09	-1.296518e+01	-3.407546e+02
2.630000e-06	-1.393978e-09	-2.844661e-09	-1.268069e+01	-3.374672e+02
2.640000e-06	-1.362671e-09	-2.819082e-09	-1.239589e+01	-3.341063e+02
2.650000e-06	-1.331326e-09	-2.794706e-09	-1.211075e+01	-3.306696e+02
2.660000e-06	-1.299943e-09	-2.764272e-09	-1.182527e+01	-3.271550e+02
2.670000e-06	-1.268523e-09	-2.727163e-09	-1.153946e+01	-3.235603e+02
2.680000e-06	-1.237071e-09	-2.687424e-09	-1.125334e+01	-3.198836e+02
2.690000e-06	-1.205588e-09	-2.653570e-09	-1.096696e+01	-3.161230e+02
2.700000e-06	-1.174068e-09	-2.625868e-09	-1.068023e+01	-3.122770e+02
2.710000e-06	-1.142515e-09	-2.599161e-09	-1.039320e+01	-3.083438e+02
2.720000e-06	-1.110935e-09	-2.569910e-09	-1.010592e+01	-3.043219e+02
2.730000e-06	-1.079325e-09	-2.536743e-09	-9.818370e+00	-3.002100e+02
2.740000e-06	-1.047684e-09	-2.499598e-09	-9.530547e+00	-2.960068e+02
2.750000e-06	-1.016019e-09	-2.452320e-09	-9.242497e+00	-2.917110e+02
2.760000e-06	-9.843336e-10	-2.404558e-09	-8.954264e+00	-2.873214e+02
2.770000e-06	-9.526279e-10	-2.363167e-09	-8.665846e+00	-2.828370e+02
2.780000e-06	-9.209029e-10	-2.328873e-09	-8.377252e+00	-2.782567e+02
2.790000e-06	-8.891571e-10	-2.298889e-09	-8.088469e+00	-2.735796e+02
2.800000e-06	-8.573859e-10	-2.264765e-09	-7.799456e+00	-2.688046e+02
2.810000e-06	-8.255937e-10	-2.227758e-09	-7.510250e+00	-2.639307e+02
2.820000e-06	-7.937841e-10	-2.184548e-09	-7.220887e+00	-2.589571e+02
2.830000e-06	-7.619571e-10	-2.137969e-09	-6.931365e+00	-2.538828e+02
2.840000e-06	-7.301115e-10	-2.088251e-09	-6.641675e+00	-2.487068e+02
2.850000e-06	-6.982466e-10	-2.039809e-09	-6.351808e+00	-2.434283e+02
2.860000e-06	-6.663649e-10	-1.997169e-09	-6.061789e+00	-2.380461e+02
2.870000e-06	-6.344704e-10	-1.953580e-09	-5.771653e+00	-2.325594e+02
2.880000e-06	-6.025666e-10	-1.910676e-09	-5.481434e+00	-2.269670e+02
2.890000e-06	-5.706515e-10	-1.865536e-09	-5.191110e+00	-2.212680e+02
2.900000e-06	-5.387247e-10	-1.818698e-09	-4.900680e+00	-2.154612e+02
2.910000e-06	-5.067880e-10	-1.770841e-09	-4.610162e+00	-2.095455e+02
2.920000e-06	-4.748425e-10	-1.722523e-09	-4.319562e+00	-2.035199e+02
2.930000e-06	-4.428849e-10	-1.675122e-09	-4.028852e+00	-1.973831e+02
2.940000e-06	-4.109136e-10	-1.624913e-09	-3.738017e+00	-1.911341e+02
2.950000e-06	-3.789358e-10	-1.573467e-09	-3.447124e+00	-1.847717e+02
2.960000e-06	-3.469512e-10	-1.518399e-09	-3.156169e+00	-1.782948e+02
2.970000e-06	-3.149596e-10	-1.462391e-09	-2.865150e+00	-1.717024e+02
2.980000e-06	-2.829610e-10	-1.407539e-09	-2.574067e+00	-1.649934e+02
2.990000e-06	-2.509512e-10	-1.353740e-09	-2.282883e+00	-1.581670e+02
3.000000e-06	-2.189338e-10	-1.300177e-09	-1.991629e+00	-1.512221e+02
3.010000e-06	-1.869140e-10	-1.243995e-09	-1.700354e+00	-1.441582e+02
3.020000e-06	-1.548912e-10	-1.185014e-09	-1.409051e+00	-1.369745e+02
3.030000e-06	-1.228669e-10	-1.120689e-09	-1.117735e+00	-1.296707e+02
3.040000e-06	-9.084398e-11	-1.053967e-09	-8.264309e-01	-1.222464e+02
3.050000e-06	-5.882324e-11	-9.864087e-10	-5.351470e-01	-1.147017e+02
3.060000e-06	-2.680462e-11	-9.202436e-10	-2.438823e-01	-1.070366e+02
3.070000e-06	5.213869e-12	-8.558298e-10	4.738127e-02	-9.925171e+01
3.080000e-06	3.723286e-11	-7.906398e-10	3.386494e-01	-9.134760e+01
3.090000e-06	6.925266e-11	-7.245701e-10	6.299249e-01	-8.332534e+01
3.100000e-06	1.012708e-10	-6.556947e-10	9.211853e-01	-7.518625e+01
3.110000e-06	1.332893e-10	-5.848932e-10	1.212449e+00	-6.693206e+01
3.120000e-06	1.653074e-10	-5.103231e-10	1.503709e+00	-5.856481e+01
3.130000e-06	1.973197e-10	-4.338538e-10	1.794916e+00	-5.008697e+01
3.140000e-06	2.293265e-10	-3.566352e-10	2.086073e+00	-4.150142e+01
3.150000e-06	2.613274e-10	-2.798123e-10	2.377176e+00	-3.281144e+01
3.160000e-06	2.933202e-10	-2.051946e-10	2.668206e+00	-2.402075e+01
3.170000e-06	3.253033e-10	-1.277803e-10	2.959148e+00	-1.513353e+01
3.180000e-06	3.572753e-10	-4.983950e-11	3.249989e+00	-6.154414e+00
3.190000e-06	3.892336e-10	2.682318e-11	3.540705e+00	2.911533e+00
3.200000e-06	4.211773e-10	1.036153e-10	3.831288e+00	1.205877e+01
3.210000e-06	4.531096e-10	1.830280e-10	4.121767e+00	2.128130e+01
3.220000e-06	4.850355e-10	2.662809e-10	4.412189e+00	3.057270e+01
3.230000e-06	5.169558e-10	3.491586e-10	4.702559e+00	3.992607e+01
3.240000e-06	5.488682e-10	4.304691e-10	4.992858e+00	4.933414e+01
3.250000e-06	5.807684e-10	5.099907e-10	5.283045e+00	5.878917e+01
3.260000e-06	6.126558e-10	5.894236e-10	5.573116e+00	6.828308e+01
3.270000e-06	6.445294e-10	6.701154e-10	5.863062e+00	7.780741e+01
3.280000e-06	6.763856e-10	7.516690e-10	6.152849e+00	8.735336e+01
3.290000e-06	7.082239e-10	8.340575e-10	6.442474e+00	9.691182e+01
3.300000e-06	7.400462e-10	9.156522e-10	6.731952e+00	1.064734e+02
3.310000e-06	7.718516e-10	9.975766e-10	7.021277e+00	1.160285e+02
3.320000e-06	8.036382e-10	1.081104e-09	7.310431e+00	1.255673e+02
3.330000e-06	8.354038e-10	1.163360e-09	7.599394e+00	1.350798e+02
3.340000e-06	8.671451e-10	1.241277e-09	7.888136e+00	1.445560e+02
3.350000e-06	8.988641e-10	1.316138e-09	8.176675e+00	1.539856e+02
3.360000e-06	9.305620e-10	1.394583e-09	8.465022e+00	1.633585e+02
3.370000e-06	9.622381e-10	1.474516e-09	8.753171e+00	1.726645e+02
3.380000e-06	9.938954e-10	1.552508e-09	9.041149e+00	1.818935e+02
3.390000e-06	1.025526e-09	1.628110e-09	9.328888e+00	1.910355e+02
3.400000e-06	1.057129e-09	1.704139e-09	9.616372e+00	2.000808e+02
3.410000e-06	1.088706e-09	1.783840e-09	9.903616e+00	2.090197e+02
3.420000e-06	1.120252e-09	1.862963e-09	1.019058e+01	2.178429e+02
3.430000e-06	1.151768e-09	1.940313e-09	1.047728e+01	2.265414e+02
3.440000e-06	1.183251e-09	2.013913e-09	1.076366e+01	2.351065e+02
3.450000e-06	1.214697e-09	2.084231e-09	1.104972e+01	2.435300e+02
3.460000e-06	1.246109e-09	2.150701e-09	1.133547e+01	2.518040e+02
3.470000e-06	1.277489e-09	2.212459e-09	1.162092e+01	2.599211e+02
3.480000e-06	1.308831e-09	2.275389e-09	1.190603e+01	2.678746e+02
3.490000e-06	1.340137e-09	2.343395e-09	1.219082e+01	2.756582e+02
3.500000e-06	1.371410e-09	2.417791e-09	1.247530e+01	2.832661e+02
3.510000e-06	1.402644e-09	2.492485e-09	1.275942e+01	2.906932e+02
3.520000e-06	1.433839e-09	2.560212e-09	1.304320e+01	2.979351e+02
3.530000e-06	1.464996e-09	2.618174e-09	1.332662e+01	3.049878e+02
3.540000e-06	1.496111e-09	2.667549e-09	1.360967e+01	3.118483e+02
3.550000e-06	1.527189e-09	2.713085e-09	1.389238e+01	3.185139e+02
3.560000e-06	1.558222e-09	2.759598e-09	1.417467e+01	3.249829e+02
3.570000e-06	1.589206e-09	2.811927e-09	1.445652e+01	3.312541e+02
3.580000e-06	1.620147e-09	2.867069e-09	1.473798e+01	3.373269e+02
3.590000e-06	1.651041e-09	2.922020e-09	1.501902e+01	3.432016e+02
3.600000e-06	1.681891e-09	2.972445e-09	1.529966e+01	3.488790e+02
3.610000e-06	1.712697e-09	3.015809e-09	1.557989e+01	3.543605e+02
3.620000e-06	1.743454e-09	3.053287e-09	1.585967e+01	3.596483e+02
3.630000e-06	1.774164e-09	3.085918e-09	1.613903e+01	3.647450e+02
3.640000e-06	1.804824e-09	3.118211e-09	1.641794e+01	3.696539e+02
3.650000e-06	1.835432e-09	3.151632e-09	1.669637e+01	3.743788e+02
3.660000e-06	1.865990e-09	3.187204e-09	1.697435e+01	3.789240e+02
3.670000e-06	1.896498e-09	3.223858e-09	1.725187e+01	3.832943e+02
3.680000e-06	1.926950e-09	3.259695e-09	1.752888e+01	3.874950e+02
3.690000e-06	1.957350e-09	3.291699e-09	1.780542e+01	3.915318e+02
3.700000e-06	1.987696e-09	3.317778e-09	1.808148e+01	3.954105e+02
3.710000e-06	2.017990e-09	3.340638e-09	1.835705e+01	3.991375e+02
3.720000e-06	2.048230e-09	3.362237e-09	1.863214e+01	4.027194e+02
3.730000e-06	2.078418e-09	3.387193e-09	1.890675e+01	4.061630e+02
3.740000e-06	2.108557e-09	3.416430e-09	1.918091e+01	4.094753e+02
3.750000e-06	2.138641e-09	3.447008e-09	1.945458e+01	4.126635e+02
3.760000e-06	2.168669e-09	3.475708e-09	1.972774e+01	4.157346e+02
3.770000e-06	2.198643e-09	3.499367e-09	2.000040e+01	4.186959e+02
3.780000e-06	2.228562e-09	3.519387e-09	2.027257e+01	4.215548e+02
3.790000e-06	2.258430e-09	3.538777e-09	2.054427e+01	4.243184e+02
3.800000e-06	2.288240e-09	3.558928e-09	2.081544e+01	4.269938e+02
3.810000e-06	2.317993e-09	3.579913e-09	2.108610e+01	4.295879e+02
3.820000e-06	2.347693e-09	3.601345e-09	2.135627e+01	4.321078e+02
3.830000e-06	2.377338e-09	3.623514e-09	2.162594e+01	4.345598e+02
3.840000e-06	2.406925e-09	3.645431e-09	2.189509e+01	4.369505e+02
3.850000e-06	2.436454e-09	3.664971e-09	2.216371e+01	4.392860e+02
3.860000e-06	2.465920e-09	3.682801e-09	2.243175e+01	4.415720e+02
3.870000e-06	2.495322e-09	3.701682e-09	2.269921e+01	4.438141e+02
3.880000e-06	2.524665e-09	3.723401e-09	2.296614e+01	4.460176e+02
3.890000e-06	2.553943e-09	3.747194e-09	2.323247e+01	4.481871e+02
3.900000e-06	2.583144e-09	3.768798e-09	2.349810e+01	4.503272e+02
3.910000e-06	2.612279e-09	3.784487e-09	2.376313e+01	4.524420e+02
3.920000e-06	2.641346e-09	3.796465e-09	2.402756e+01	4.545350e+02
3.930000e-06	2.670343e-09	3.810404e-09	2.429133e+01	4.566097e+02
3.940000e-06	2.699274e-09	3.827367e-09	2.455451e+01	4.586688e+02
3.950000e-06	2.728134e-09	3.846766e-09	2.481704e+01	4.607149e+02
3.960000e-06	2.756919e-09	3.868602e-09	2.507889e+01	4.627501e+02
3.970000e-06	2.785627e-09	3.889098e-09	2.534004e+01	4.647760e+02
3.980000e-06	2.814261e-09	3.907688e-09	2.560051e+01	4.667940e+02
3.990000e-06	2.842818e-09	3.922984e-09	2.586029e+01	4.688051e+02
4.000000e-06	2.871296e-09	3.935139e-09	2.611935e+01	4.708099e+02
4.010000e-06	2.899694e-09	3.949220e-09	2.637767e+01	4.728087e+02
4.020000e-06	2.928013e-09	3.966806e-09	2.663528e+01	4.748015e+02
4.030000e-06	2.956249e-09	3.987995e-09	2.689214e+01	4.767878e+02
4.040000e-06	2.984396e-09	4.010306e-09	2.714818e+01	4.787672e+02
4.050000e-06	3.012453e-09	4.028048e-09	2.740341e+01	4.807388e+02
4.060000e-06	3.040425e-09	4.041939e-09	2.765786e+01	4.827015e+02
4.070000e-06	3.068315e-09	4.055566e-09	2.791157e+01	4.846542e+02
4.080000e-06	3.096120e-09	4.071033e-09	2.816450e+01	4.865952e+02
4.090000e-06	3.123836e-09	4.088820e-09	2.841663e+01	4.885232e+02
4.100000e-06	3.151468e-09	4.109747e-09	2.866799e+01	4.904363e+02
4.110000e-06	3.179018e-09	4.133176e-09	2.891861e+01	4.923329e+02
4.120000e-06	3.206479e-09	4.152177e-09	2.916841e+01	4.942110e+02
4.130000e-06	3.233845e-09	4.165869e-09	2.941735e+01	4.960688e+02
4.140000e-06	3.261125e-09	4.174379e-09	2.966551e+01	4.979044e+02
4.150000e-06	3.288322e-09	4.182203e-09	2.991291e+01	4.997159e+02
4.160000e-06	3.315433e-09	4.195474e-09	3.015953e+01	5.015014e+02
4.170000e-06	3.342464e-09	4.213254e-09	3.040543e+01	5.032592e+02
4.180000e-06	3.369414e-09	4.234931e-09	3.065058e+01	5.049875e+02
4.190000e-06	3.396280e-09	4.256709e-09	3.089498e+01	5.066847e+02
4.200000e-06	3.423066e-09	4.272950e-09	3.113865e+01	5.083493e+02
4.210000e-06	3.449769e-09	4.282993e-09	3.138155e+01	5.099799e+02
4.220000e-06	3.476380e-09	4.288155e-09	3.162363e+01	5.115753e+02
4.230000e-06	3.502899e-09	4.294122e-09	3.186486e+01	5.131344e+02
4.240000e-06	3.529322e-09	4.305076e-09	3.210522e+01	5.146563e+02
4.250000e-06	3.555648e-09	4.321084e-09	3.234470e+01	5.161402e+02
4.260000e-06	3.581880e-09	4.342169e-09	3.258333e+01	5.175856e+02
4.270000e-06	3.608019e-09	4.362066e-09	3.282111e+01	5.189921e+02
4.280000e-06	3.634064e-09	4.376269e-09	3.305804e+01	5.203596e+02
4.290000e-06	3.660010e-09	4.384251e-09	3.329406e+01	5.216880e+02
4.300000e-06	3.685855e-09	4.387871e-09	3.352916e+01	5.229775e+02
4.310000e-06	3.711608e-09	4.393307e-09	3.376343e+01	5.242287e+02
4.320000e-06	3.737270e-09	4.401884e-09	3.399687e+01	5.254419e+02
4.330000e-06	3.762837e-09	4.413455e-09	3.422944e+01	5.266181e+02
4.340000e-06	3.788313e-09	4.428159e-09	3.446119e+01	5.277581e+02
4.350000e-06	3.813702e-09	4.441983e-09	3.469215e+01	5.288630e+02
4.360000e-06	3.839001e-09	4.452968e-09	3.492229e+01	5.299340e+02
4.370000e-06	3.864210e-09	4.460192e-09	3.515161e+01	5.309727e+02
4.380000e-06	3.889330e-09	4.466517e-09	3.538012e+01	5.319805e+02
4.390000e-06	3.914350e-09	4.474927e-09	3.560772e+01	5.329590e+02
4.400000e-06	3.939263e-09	4.486027e-09	3.583435e+01	5.339100e+02
4.410000e-06	3.964064e-09	4.498462e-09	3.605996e+01	5.348354e+02
4.420000e-06	3.988759e-09	4.508499e-09	3.628460e+01	5.357371e+02
4.430000e-06	4.013353e-09	4.514889e-09	3.650833e+01	5.366171e+02
4.440000e-06	4.037840e-09	4.518349e-09	3.673108e+01	5.374774e+02
4.450000e-06	4.062218e-09	4.520890e-09	3.695283e+01	5.383200e+02
4.460000e-06	4.086487e-09	4.525724e-09	3.717361e+01	5.391471e+02
4.470000e-06	4.110649e-09	4.536782e-09	3.739340e+01	5.399608e+02
4.480000e-06	4.134704e-09	4.551824e-09	3.761222e+01	5.407631e+02
4.490000e-06	4.158655e-09	4.566447e-09	3.783009e+01	5.415560e+02
4.500000e-06	4.182500e-09	4.577651e-09	3.804701e+01	5.423416e+02
4.510000e-06	4.206236e-09	4.583538e-09	3.826293e+01	5.431216e+02
4.520000e-06	4.229861e-09	4.586239e-09	3.847784e+01	5.438982e+02
4.530000e-06	4.253372e-09	4.587322e-09	3.869171e+01	5.446728e+02
4.540000e-06	4.276763e-09	4.589985e-09	3.890449e+01	5.454473e+02
4.550000e-06	4.300027e-09	4.596176e-09	3.911611e+01	5.462232e+02
4.560000e-06	4.323162e-09	4.607394e-09	3.932657e+01	5.470020e+02
4.570000e-06	4.346172e-09	4.621683e-09	3.953588e+01	5.477848e+02
4.580000e-06	4.369061e-09	4.633894e-09	3.974410e+01	5.485729e+02
4.590000e-06	4.391831e-09	4.641895e-09	3.995123e+01	5.493674e+02
4.600000e-06	4.414479e-09	4.645014e-09	4.015726e+01	5.501689e+02
4.610000e-06	4.437007e-09	4.646908e-09	4.036219e+01	5.509784e+02
4.620000e-06	4.459421e-09	4.650853e-09	4.056608e+01	5.517963e+02
4.630000e-06	4.481725e-09	4.657600e-09	4.076897e+01	5.526230e+02
4.640000e-06	4.503920e-09	4.667418e-09	4.097088e+01	5.534586e+02
4.650000e-06	4.526011e-09	4.680208e-09	4.117183e+01	5.543034e+02
4.660000e-06	4.548000e-09	4.694441e-09	4.137186e+01	5.551571e+02
4.670000e-06	4.569885e-09	4.706688e-09	4.157094e+01	5.560194e+02
4.680000e-06	4.591658e-09	4.716897e-09	4.176900e+01	5.568900e+02
4.690000e-06	4.613311e-09	4.725144e-09	4.196598e+01	5.577683e+02
4.700000e-06	4.634839e-09	4.731940e-09	4.216181e+01	5.586535e+02
4.710000e-06	4.656237e-09	4.738989e-09	4.235646e+01	5.595448e+02
4.720000e-06	4.677511e-09	4.747526e-09	4.254998e+01	5.604412e+02
4.730000e-06	4.698660e-09	4.756299e-09	4.274238e+01	5.613415e+02
4.740000e-06	4.719681e-09	4.764247e-09	4.293359e+01	5.622446e+02
4.750000e-06	4.740579e-09	4.773924e-09	4.312370e+01	5.631491e+02
4.760000e-06	4.761353e-09	4.784620e-09	4.331267e+01	5.640536e+02
4.770000e-06	4.782008e-09	4.795318e-09	4.350057e+01	5.649567e+02
4.780000e-06	4.802549e-09	4.805482e-09	4.368742e+01	5.658567e+02
4.790000e-06	4.822972e-09	4.815204e-09	4.387321e+01	5.667521e+02
4.800000e-06	4.843280e-09	4.823795e-09	4.405794e+01	5.676414e+02
4.810000e-06	4.863466e-09	4.829719e-09	4.424157e+01	5.685227e+02
4.820000e-06	4.883521e-09	4.834526e-09	4.442401e+01	5.693946e+02
4.830000e-06	4.903443e-09	4.840050e-09	4.460523e+01	5.702554e+02
4.840000e-06	4.923225e-09	4.847796e-09	4.478518e+01	5.711034e+02
4.850000e-06	4.942871e-09	4.857216e-09	4.496389e+01	5.719371e+02
4.860000e-06	4.962380e-09	4.867404e-09	4.514136e+01	5.727551e+02
4.870000e-06	4.981750e-09	4.877678e-09	4.531756e+01	5.735559e+02
4.880000e-06	5.000991e-09	4.886854e-09	4.549260e+01	5.743381e+02
4.890000e-06	5.020111e-09	4.894113e-09	4.566652e+01	5.751005e+02
4.900000e-06	5.039106e-09	4.898390e-09	4.583932e+01	5.758420e+02
4.910000e-06	5.057983e-09	4.900629e-09	4.601104e+01	5.765614e+02
4.920000e-06	5.076751e-09	4.903312e-09	4.618176e+01	5.772580e+02
4.930000e-06	5.095401e-09	4.907668e-09	4.635142e+01	5.779310e+02
4.940000e-06	5.113925e-09	4.912767e-09	4.651993e+01	5.785798e+02
4.950000e-06	5.132311e-09	4.918870e-09	4.668718e+01	5.792038e+02
4.960000e-06	5.150552e-09	4.926492e-09	4.685312e+01	5.798029e+02
4.970000e-06	5.168650e-09	4.935556e-09	4.701775e+01	5.803769e+02
4.980000e-06	5.186602e-09	4.944548e-09	4.718105e+01	5.809257e+02
4.990000e-06	5.204414e-09	4.951556e-09	4.734308e+01	5.814497e+02
5.000000e-06	5.222091e-09	4.956536e-09	4.750388e+01	5.819492e+02
5.010000e-06	5.239637e-09	4.958350e-09	4.766350e+01	5.824246e+02
5.020000e-06	5.257062e-09	4.958623e-09	4.782201e+01	5.828768e+02
5.030000e-06	5.274367e-09	4.958843e-09	4.797942e+01	5.833065e+02
5.040000e-06	5.291551e-09	4.961822e-09	4.813575e+01	5.837147e+02
5.050000e-06	5.308620e-09	4.969708e-09	4.829101e+01	5.841026e+02
5.060000e-06	5.325570e-09	4.979378e-09	4.844520e+01	5.844714e+02
5.070000e-06	5.342391e-09	4.987047e-09	4.859822e+01	5.848225e+02
5.080000e-06	5.359074e-09	4.990742e-09	4.874998e+01	5.851575e+02
5.090000e-06	5.375621e-09	4.992673e-09	4.890050e+01	5.854779e+02
5.100000e-06	5.392028e-09	4.993633e-09	4.904976e+01	5.857855e+02
5.110000e-06	5.408288e-09	4.993547e-09	4.919767e+01	5.860819e+02
5.120000e-06	5.424404e-09	4.993167e-09	4.934427e+01	5.863689e+02
5.130000e-06	5.440382e-09	4.996449e-09	4.948962e+01	5.866485e+02
5.140000e-06	5.456223e-09	5.004215e-09	4.963372e+01	5.869225e+02
5.150000e-06	5.471927e-09	5.011867e-09	4.977657e+01	5.871927e+02
5.160000e-06	5.487487e-09	5.017204e-09	4.991812e+01	5.874610e+02
5.170000e-06	5.502896e-09	5.020569e-09	5.005829e+01	5.877292e+02
5.180000e-06	5.518153e-09	5.024098e-09	5.019708e+01	5.879991e+02
5.190000e-06	5.533238e-09	5.026433e-09	5.033430e+01	5.882723e+02
5.200000e-06	5.548142e-09	5.026887e-09	5.046988e+01	5.885507e+02
5.210000e-06	5.562882e-09	5.026280e-09	5.060397e+01	5.888355e+02
5.220000e-06	5.577470e-09	5.027400e-09	5.073668e+01	5.891283e+02
5.230000e-06	5.591915e-09	5.031653e-09	5.086807e+01	5.894304e+02
5.240000e-06	5.606220e-09	5.037135e-09	5.099821e+01	5.897428e+02
5.250000e-06	5.620387e-09	5.042929e-09	5.112708e+01	5.900667e+02
5.260000e-06	5.634422e-09	5.047674e-09	5.125475e+01	5.904028e+02
5.270000e-06	5.648331e-09	5.053353e-09	5.138128e+01	5.907518e+02
5.280000e-06	5.662110e-09	5.059976e-09	5.150662e+01	5.911142e+02
5.290000e-06	5.675747e-09	5.064824e-09	5.163068e+01	5.914902e+02
5.300000e-06	5.689226e-09	5.067403e-09	5.175329e+01	5.918801e+02
5.310000e-06	5.702534e-09	5.069020e-09	5.187435e+01	5.922837e+02
5.320000e-06	5.715677e-09	5.071770e-09	5.199391e+01	5.927008e+02
5.330000e-06	5.728671e-09	5.075251e-09	5.211211e+01	5.931310e+02
5.340000e-06	5.741531e-09	5.080326e-09	5.222909e+01	5.935736e+02
5.350000e-06	5.754260e-09	5.087837e-09	5.234488e+01	5.940277e+02
5.360000e-06	5.766856e-09	5.097237e-09	5.245947e+01	5.944925e+02
5.370000e-06	5.779318e-09	5.105686e-09	5.257284e+01	5.949668e+02
5.380000e-06	5.791651e-09	5.111259e-09	5.268502e+01	5.954493e+02
5.390000e-06	5.803862e-09	5.114492e-09	5.279610e+01	5.959386e+02
5.400000e-06	5.815942e-09	5.116543e-09	5.290599e+01	5.964331e+02
5.410000e-06	5.827862e-09	5.121349e-09	5.301442e+01	5.969312e+02
5.420000e-06	5.839601e-09	5.126214e-09	5.312121e+01	5.974311e+02
5.430000e-06	5.851163e-09	5.130306e-09	5.322639e+01	5.979309e+02
5.440000e-06	5.862563e-09	5.134846e-09	5.333009e+01	5.984289e+02
5.450000e-06	5.873820e-09	5.140406e-09	5.343249e+01	5.989231e+02
5.460000e-06	5.884941e-09	5.147924e-09	5.353365e+01	5.994115e+02
5.470000e-06	5.895921e-09	5.153558e-09	5.363353e+01	5.998922e+02
5.480000e-06	5.906750e-09	5.157948e-09	5.373205e+01	6.003632e+02
5.490000e-06	5.917423e-09	5.162853e-09	5.382914e+01	6.008228e+02
5.500000e-06	5.927930e-09	5.168651e-09	5.392471e+01	6.012691e+02
5.510000e-06	5.938239e-09	5.172796e-09	5.401850e+01	6.017003e+02
5.520000e-06	5.948334e-09	5.174387e-09	5.411033e+01	6.021148e+02
5.530000e-06	5.958240e-09	5.176533e-09	5.420044e+01	6.025112e+02
5.540000e-06	5.967987e-09	5.179198e-09	5.428911e+01	6.028879e+02
5.550000e-06	5.977590e-09	5.183233e-09	5.437646e+01	6.032439e+02
5.560000e-06	5.987052e-09	5.188119e-09	5.446253e+01	6.035779e+02
5.570000e-06	5.996370e-09	5.192178e-09	5.454730e+01	6.038891e+02
5.580000e-06	6.005544e-09	5.195817e-09	5.463075e+01	6.041768e+02
5.590000e-06	6.014590e-09	5.200316e-09	5.471304e+01	6.044404e+02
5.600000e-06	6.023519e-09	5.204348e-09	5.479426e+01	6.046797e+02
5.610000e-06	6.032302e-09	5.205066e-09	5.487416e+01	6.048944e+02
5.620000e-06	6.040897e-09	5.203443e-09	5.495235e+01	6.050847e+02
5.630000e-06	6.049288e-09	5.202212e-09	5.502867e+01	6.052508e+02
5.640000e-06	6.057507e-09	5.202116e-09	5.510344e+01	6.053932e+02
5.650000e-06	6.065586e-09	5.202687e-09	5.517694e+01	6.055127e+02
5.660000e-06	6.073528e-09	5.203595e-09	5.524918e+01	6.056100e+02
5.670000e-06	6.081326e-09	5.205936e-09	5.532012e+01	6.056863e+02
5.680000e-06	6.088975e-09	5.211170e-09	5.538970e+01	6.057428e+02
5.690000e-06	6.096480e-09	5.216162e-09	5.545797e+01	6.057808e+02
5.700000e-06	6.103856e-09	5.218243e-09	5.552507e+01	6.058020e+02
5.710000e-06	6.111101e-09	5.218269e-09	5.559098e+01	6.058080e+02
5.720000e-06	6.118178e-09	5.217974e-09	5.565536e+01	6.058005e+02
5.730000e-06	6.125048e-09	5.218032e-09	5.571785e+01	6.057816e+02
5.740000e-06	6.131728e-09	5.218528e-09	5.577861e+01	6.057530e+02
5.750000e-06	6.138257e-09	5.220553e-09	5.583801e+01	6.057169e+02
5.760000e-06	6.144646e-09	5.223081e-09	5.589613e+01	6.056753e+02
5.770000e-06	6.150895e-09	5.226783e-09	5.595297e+01	6.056303e+02
5.780000e-06	6.156996e-09	5.230245e-09	5.600847e+01	6.055839e+02
5.790000e-06	6.162950e-09	5.230738e-09	5.606264e+01	6.055381e+02
5.800000e-06	6.168773e-09	5.229662e-09	5.611561e+01	6.054949e+02
5.810000e-06	6.174473e-09	5.229136e-09	5.616745e+01	6.054562e+02
5.820000e-06	6.180015e-09	5.230168e-09	5.621787e+01	6.054238e+02
5.830000e-06	6.185350e-09	5.230656e-09	5.626640e+01	6.053993e+02
5.840000e-06	6.190477e-09	5.230003e-09	5.631304e+01	6.053843e+02
5.850000e-06	6.195433e-09	5.229469e-09	5.635812e+01	6.053803e+02
5.860000e-06	6.200240e-09	5.230547e-09	5.640185e+01	6.053883e+02
5.870000e-06	6.204894e-09	5.233426e-09	5.644418e+01	6.054095e+02
5.880000e-06	6.209397e-09	5.236665e-09	5.648515e+01	6.054447e+02
5.890000e-06	6.213754e-09	5.240629e-09	5.652478e+01	6.054946e+02
5.900000e-06	6.217977e-09	5.244231e-09	5.656321e+01	6.055595e+02
5.910000e-06	6.222079e-09	5.245866e-09	5.660052e+01	6.056396e+02
5.920000e-06	6.226041e-09	5.244746e-09	5.663656e+01	6.057351e+02
5.930000e-06	6.229832e-09	5.242883e-09	5.667105e+01	6.058455e+02
5.940000e-06	6.233451e-09	5.241945e-09	5.670396e+01	6.059705e+02
5.950000e-06	6.236909e-09	5.242141e-09	5.673542e+01	6.061093e+02
5.960000e-06	6.240197e-09	5.244534e-09	5.676533e+01	6.062612e+02
5.970000e-06	6.243306e-09	5.248006e-09	5.679362e+01	6.064248e+02
5.980000e-06	6.246248e-09	5.253947e-09	5.682038e+01	6.065991e+02
5.990000e-06	6.249027e-09	5.259014e-09	5.684566e+01	6.067824e+02
6.000000e-06	6.251650e-09	5.262295e-09	5.686952e+01	6.069732e+02
6.010000e-06	6.254112e-09	5.263122e-09	5.689192e+01	6.071696e+02
6.020000e-06	6.256373e-09	5.262306e-09	5.691249e+01	6.073697e+02
6.030000e-06	6.258407e-09	5.263407e-09	5.693098e+01	6.075714e+02
6.040000e-06	6.260248e-09	5.264836e-09	5.694773e+01	6.077726e+02
6.050000e-06	6.261948e-09	5.269179e-09	5.696319e+01	6.079711e+02
6.060000e-06	6.263505e-09	5.273570e-09	5.697736e+01	6.081646e+02
6.070000e-06	6.264906e-09	5.278837e-09	5.699010e+01	6.083508e+02
6.080000e-06	6.266151e-09	5.283652e-09	5.700143e+01	6.085274e+02
6.090000e-06	6.267253e-09	5.284943e-09	5.701146e+01	6.086921e+02
6.100000e-06	6.268229e-09	5.287263e-09	5.702034e+01	6.088427e+02
6.110000e-06	6.269073e-09	5.288337e-09	5.702801e+01	6.089771e+02
6.120000e-06	6.269731e-09	5.290377e-09	5.703400e+01	6.090931e+02
6.130000e-06	6.270170e-09	5.293135e-09	5.703800e+01	6.091889e+02
6.140000e-06	6.270426e-09	5.294494e-09	5.704032e+01	6.092626e+02
6.150000e-06	6.270543e-09	5.295731e-09	5.704138e+01	6.093124e+02
6.160000e-06	6.270523e-09	5.296887e-09	5.704120e+01	6.093371e+02
6.170000e-06	6.270356e-09	5.300055e-09	5.703969e+01	6.093351e+02
6.180000e-06	6.270043e-09	5.303254e-09	5.703684e+01	6.093055e+02
6.190000e-06	6.269581e-09	5.304961e-09	5.703264e+01	6.092474e+02
6.200000e-06	6.268989e-09	5.303256e-09	5.702725e+01	6.091600e+02
6.210000e-06	6.268275e-09	5.304111e-09	5.702076e+01	6.090430e+02
6.220000e-06	6.267399e-09	5.314130e-09	5.701278e+01	6.088961e+02
6.230000e-06	6.266326e-09	5.321975e-09	5.700302e+01	6.087195e+02
6.240000e-06	6.265071e-09	5.290466e-09	5.699161e+01	6.085134e+02
6.250000e-06	6.263659e-09	5.212579e-09	5.697877e+01	6.082783e+02
6.260000e-06	6.262040e-09	5.165921e-09	5.696404e+01	6.080151e+02
6.270000e-06	6.260125e-09	5.232698e-09	5.694662e+01	6.077248e+02
6.280000e-06	6.257983e-09	5.203808e-09	5.692713e+01	6.074085e+02
6.290000e-06	6.255778e-09	5.122922e-09	5.690707e+01	6.070677e+02
6.300000e-06	6.253456e-09	5.243545e-09	5.688595e+01	6.067041e+02
6.310000e-06	6.250926e-09	5.302343e-09	5.686294e+01	6.063194e+02
6.320000e-06	6.248260e-09	5.195741e-09	5.683868e+01	6.059157e+02
6.330000e-06	6.245456e-09	5.101813e-09	5.681318e+01	6.054951e+02
6.340000e-06	6.242466e-09	5.142734e-09	5.678598e+01	6.050598e+02
6.350000e-06	6.239296e-09	5.177078e-09	5.675714e+01	6.046121e+02
6.360000e-06	6.235979e-09	5.109066e-09	5.672697e+01	6.041545e+02
6.370000e-06	6.232514e-09	5.141463e-09	5.669546e+01	6.036896e+02
6.380000e-06	6.228900e-09	5.228129e-09	5.666257e+01	6.032197e+02
6.390000e-06	6.225186e-09	5.214616e-09	5.662879e+01	6.027474e+02
6.400000e-06	6.221343e-09	5.122783e-09	5.659383e+01	6.022753e+02
6.410000e-06	6.217278e-09	5.126534e-09	5.655685e+01	6.018058e+02
6.420000e-06	6.212974e-09	5.154751e-09	5.651770e+01	6.013412e+02
6.430000e-06	6.208511e-09	5.111723e-09	5.647711e+01	6.008840e+02
6.440000e-06	6.203890e-09	5.136430e-09	5.643507e+01	6.004363e+02
6.450000e-06	6.199079e-09	5.187741e-09	5.639130e+01	6.000002e+02
6.460000e-06	6.194142e-09	5.163692e-09	5.634639e+01	5.995775e+02
6.470000e-06	6.189105e-09	5.112802e-09	5.630058e+01	5.991701e+02
6.480000e-06	6.183924e-09	5.133833e-09	5.625344e+01	5.987795e+02
6.490000e-06	6.178568e-09	5.127328e-09	5.620472e+01	5.984070e+02
6.500000e-06	6.173054e-09	5.088291e-09	5.615456e+01	5.980537e+02
6.510000e-06	6.167359e-09	5.124066e-09	5.610276e+01	5.977206e+02
6.520000e-06	6.161461e-09	5.153362e-09	5.604910e+01	5.974084e+02
6.530000e-06	6.155381e-09	5.136563e-09	5.599380e+01	5.971175e+02
6.540000e-06	6.149140e-09	5.119055e-09	5.593703e+01	5.968480e+02
6.550000e-06	6.142750e-09	5.117830e-09	5.587889e+01	5.966000e+02
6.560000e-06	6.136214e-09	5.092817e-09	5.581944e+01	5.963730e+02
6.570000e-06	6.129530e-09	5.091746e-09	5.575863e+01	5.961667e+02
6.580000e-06	6.122685e-09	5.112671e-09	5.569637e+01	5.959802e+02
6.590000e-06	6.115698e-09	5.104765e-09	5.563281e+01	5.958124e+02
6.600000e-06	6.108588e-09	5.120325e-09	5.556814e+01	5.956623e+02
6.610000e-06	6.101332e-09	5.133689e-09	5.550213e+01	5.955283e+02
6.620000e-06	6.093882e-09	5.117110e-09	5.543436e+01	5.954089e+02
6.630000e-06	6.086216e-09	5.095076e-09	5.536463e+01	5.953022e+02
6.640000e-06	6.078380e-09	5.092213e-09	5.529335e+01	5.952065e+02
6.650000e-06	6.070411e-09	5.087444e-09	5.522085e+01	5.951195e+02
6.660000e-06	6.062296e-09	5.092268e-09	5.514703e+01	5.950390e+02
6.670000e-06	6.054021e-09	5.106841e-09	5.507176e+01	5.949629e+02
6.680000e-06	6.045602e-09	5.097797e-09	5.499517e+01	5.948888e+02
6.690000e-06	6.037059e-09	5.106030e-09	5.491746e+01	5.948142e+02
6.700000e-06	6.028387e-09	5.114271e-09	5.483857e+01	5.947368e+02
6.710000e-06	6.019563e-09	5.106539e-09	5.475830e+01	5.946541e+02
6.720000e-06	6.010563e-09	5.102248e-09	5.467643e+01	5.945637e+02
6.730000e-06	6.001398e-09	5.103824e-09	5.459306e+01	5.944633e+02
6.740000e-06	5.992084e-09	5.100266e-09	5.450833e+01	5.943506e+02
6.750000e-06	5.982614e-09	5.094977e-09	5.442219e+01	5.942234e+02
6.760000e-06	5.972976e-09	5.092389e-09	5.433451e+01	5.940796e+02
6.770000e-06	5.963173e-09	5.080542e-09	5.424534e+01	5.939173e+02
6.780000e-06	5.953221e-09	5.083795e-09	5.415481e+01	5.937346e+02
6.790000e-06	5.943111e-09	5.089427e-09	5.406284e+01	5.935298e+02
6.800000e-06	5.932824e-09	5.095159e-09	5.396927e+01	5.933017e+02
6.810000e-06	5.922335e-09	5.102848e-09	5.387385e+01	5.930488e+02
6.820000e-06	5.911645e-09	5.100966e-09	5.377661e+01	5.927700e+02
6.830000e-06	5.900771e-09	5.096902e-09	5.367768e+01	5.924647e+02
6.840000e-06	5.889733e-09	5.085170e-09	5.357728e+01	5.921320e+02
6.850000e-06	5.878552e-09	5.073192e-09	5.347557e+01	5.917716e+02
6.860000e-06	5.867227e-09	5.064716e-09	5.337255e+01	5.913833e+02
6.870000e-06	5.855762e-09	5.069027e-09	5.326825e+01	5.909672e+02
6.880000e-06	5.844164e-09	5.076787e-09	5.316275e+01	5.905235e+02
6.890000e-06	5.832437e-09	5.083182e-09	5.305607e+01	5.900528e+02
6.900000e-06	5.820576e-09	5.085470e-09	5.294817e+01	5.895557e+02
6.910000e-06	5.808564e-09	5.077915e-09	5.283890e+01	5.890331e+02
6.920000e-06	5.796380e-09	5.067824e-09	5.272807e+01	5.884862e+02
6.930000e-06	5.784016e-09	5.050100e-09	5.261561e+01	5.879162e+02
6.940000e-06	5.771479e-09	5.038218e-09	5.250155e+01	5.873247e+02
6.950000e-06	5.758786e-09	5.030238e-09	5.238610e+01	5.867133e+02
6.960000e-06	5.745956e-09	5.028459e-09	5.226938e+01	5.860838e+02
6.970000e-06	5.732990e-09	5.033630e-09	5.215143e+01	5.854380e+02
6.980000e-06	5.719887e-09	5.035478e-09	5.203224e+01	5.847780e+02
6.990000e-06	5.706644e-09	5.035711e-09	5.191177e+01	5.841059e+02
7.000000e-06	5.693262e-09	5.030201e-09	5.179004e+01	5.834238e+02
7.010000e-06	5.679741e-09	5.022766e-09	5.166705e+01	5.827339e+02
7.020000e-06	5.666070e-09	5.011493e-09	5.154268e+01	5.820385e+02
7.030000e-06	5.652231e-09	5.001118e-09	5.141679e+01	5.813398e+02
7.040000e-06	5.638215e-09	4.994103e-09	5.128930e+01	5.806400e+02
7.050000e-06	5.624035e-09	4.990182e-09	5.116030e+01	5.799413e+02
7.060000e-06	5.609709e-09	4.986517e-09	5.102998e+01	5.792457e+02
7.070000e-06	5.595249e-09	4.980673e-09	5.089845e+01	5.785554e+02
7.080000e-06	5.580653e-09	4.978874e-09	5.076567e+01	5.778723e+02
7.090000e-06	5.565910e-09	4.976358e-09	5.063156e+01	5.771981e+02
7.100000e-06	5.551014e-09	4.973646e-09	5.049605e+01	5.765346e+02
7.110000e-06	5.535951e-09	4.965714e-09	5.035903e+01	5.758833e+02
7.120000e-06	5.520720e-09	4.956030e-09	5.022048e+01	5.752456e+02
7.130000e-06	5.505323e-09	4.948197e-09	5.008041e+01	5.746227e+02
7.140000e-06	5.489755e-09	4.938722e-09	4.993880e+01	5.740155e+02
7.150000e-06	5.474022e-09	4.929397e-09	4.979568e+01	5.734250e+02
7.160000e-06	5.458142e-09	4.920393e-09	4.965122e+01	5.728518e+02
7.170000e-06	5.442136e-09	4.917448e-09	4.950562e+01	5.722962e+02
7.180000e-06	5.426004e-09	4.916902e-09	4.935887e+01	5.717586e+02
7.190000e-06	5.409742e-09	4.917258e-09	4.921094e+01	5.712387e+02
7.200000e-06	5.393353e-09	4.915129e-09	4.906186e+01	5.707366e+02
7.210000e-06	5.376833e-09	4.909486e-09	4.891158e+01	5.702517e+02
7.220000e-06	5.360179e-09	4.903534e-09	4.876008e+01	5.697833e+02
7.230000e-06	5.343393e-09	4.895997e-09	4.860739e+01	5.693308e+02
7.240000e-06	5.326465e-09	4.888965e-09	4.845339e+01	5.688930e+02
7.250000e-06	5.309381e-09	4.881665e-09	4.829799e+01	5.684688e+02
7.260000e-06	5.292133e-09	4.878149e-09	4.814109e+01	5.680568e+02
7.270000e-06	5.274732e-09	4.878350e-09	4.798280e+01	5.676554e+02
7.280000e-06	5.257200e-09	4.880066e-09	4.782331e+01	5.672630e+02
7.290000e-06	5.239546e-09	4.880184e-09	4.766272e+01	5.668778e+02
7.300000e-06	5.221774e-09	4.878249e-09	4.750105e+01	5.664978e+02
7.310000e-06	5.203882e-09	4.876916e-09	4.733829e+01	5.661211e+02
7.320000e-06	5.185871e-09	4.873883e-09	4.717445e+01	5.657455e+02
7.330000e-06	5.167736e-09	4.869618e-09	4.700948e+01	5.653689e+02
7.340000e-06	5.149464e-09	4.862138e-09	4.684327e+01	5.649890e+02
7.350000e-06	5.131054e-09	4.854569e-09	4.667580e+01	5.646037e+02
7.360000e-06	5.112511e-09	4.849598e-09	4.650711e+01	5.642108e+02
7.370000e-06	5.093822e-09	4.846942e-09	4.633711e+01	5.638078e+02
7.380000e-06	5.074975e-09	4.845371e-09	4.616567e+01	5.633928e+02
7.390000e-06	5.055986e-09	4.842353e-09	4.599293e+01	5.629636e+02
7.400000e-06	5.036867e-09	4.839589e-09	4.581901e+01	5.625180e+02
7.410000e-06	5.017629e-09	4.836255e-09	4.564400e+01	5.620542e+02
7.420000e-06	4.998277e-09	4.834259e-09	4.546796e+01	5.615701e+02
7.430000e-06	4.978809e-09	4.830396e-09	4.529087e+01	5.610641e+02
7.440000e-06	4.959225e-09	4.823237e-09	4.511272e+01	5.605345e+02
7.450000e-06	4.939522e-09	4.815179e-09	4.493349e+01	5.599798e+02
7.460000e-06	4.919695e-09	4.808189e-09	4.475312e+01	5.593986e+02
7.470000e-06	4.899739e-09	4.804210e-09	4.457159e+01	5.587899e+02
7.480000e-06	4.879657e-09	4.800781e-09	4.438891e+01	5.581526e+02
7.490000e-06	4.859441e-09	4.799236e-09	4.420501e+01	5.574858e+02
7.500000e-06	4.839083e-09	4.797151e-09	4.401982e+01	5.567890e+02
7.510000e-06	4.818579e-09	4.791725e-09	4.383330e+01	5.560618e+02
7.520000e-06	4.797932e-09	4.782696e-09	4.364548e+01	5.553038e+02
7.530000e-06	4.777161e-09	4.771029e-09	4.345654e+01	5.545150e+02
7.540000e-06	4.756281e-09	4.758161e-09	4.326660e+01	5.536956e+02
7.550000e-06	4.735289e-09	4.747455e-09	4.307563e+01	5.528460e+02
7.560000e-06	4.714188e-09	4.741720e-09	4.288368e+01	5.519666e+02
7.570000e-06	4.692983e-09	4.738238e-09	4.269079e+01	5.510581e+02
7.580000e-06	4.671670e-09	4.734305e-09	4.249692e+01	5.501215e+02
7.590000e-06	4.650245e-09	4.727511e-09	4.230202e+01	5.491577e+02
7.600000e-06	4.628701e-09	4.720553e-09	4.210603e+01	5.481680e+02
7.610000e-06	4.607047e-09	4.713326e-09	4.190905e+01	5.471538e+02
7.620000e-06	4.585287e-09	4.703769e-09	4.171111e+01	5.461164e+02
7.630000e-06	4.563398e-09	4.692784e-09	4.151200e+01	5.450575e+02
7.640000e-06	4.541378e-09	4.681511e-09	4.131168e+01	5.439787e+02
7.650000e-06	4.519227e-09	4.672494e-09	4.111018e+01	5.428819e+02
7.660000e-06	4.496953e-09	4.664000e-09	4.090756e+01	5.417688e+02
7.670000e-06	4.474566e-09	4.655042e-09	4.070391e+01	5.406414e+02
7.680000e-06	4.452065e-09	4.644060e-09	4.049923e+01	5.395015e+02
7.690000e-06	4.429443e-09	4.634012e-09	4.029345e+01	5.383511e+02
7.700000e-06	4.406697e-09	4.627733e-09	4.008653e+01	5.371922e+02
7.710000e-06	4.383821e-09	4.622518e-09	3.987844e+01	5.360266e+02
7.720000e-06	4.360814e-09	4.616551e-09	3.966914e+01	5.348562e+02
7.730000e-06	4.337678e-09	4.606737e-09	3.945868e+01	5.336829e+02
7.740000e-06	4.314422e-09	4.595173e-09	3.924713e+01	5.325083e+02
7.750000e-06	4.291048e-09	4.583427e-09	3.903451e+01	5.313341e+02
7.760000e-06	4.267554e-09	4.572080e-09	3.882079e+01	5.301619e+02
7.770000e-06	4.243930e-09	4.561514e-09	3.860589e+01	5.289931e+02
7.780000e-06	4.220168e-09	4.553449e-09	3.838973e+01	5.278290e+02
7.790000e-06	4.196278e-09	4.549026e-09	3.817241e+01	5.266706e+02
7.800000e-06	4.172280e-09	4.545636e-09	3.795411e+01	5.255191e+02
7.810000e-06	4.148185e-09	4.538366e-09	3.773493e+01	5.243751e+02
7.820000e-06	4.123998e-09	4.524795e-09	3.751490e+01	5.232394e+02
7.830000e-06	4.099722e-09	4.509900e-09	3.729407e+01	5.221124e+02
7.840000e-06	4.075360e-09	4.496053e-09	3.707245e+01	5.209943e+02
7.850000e-06	4.050904e-09	4.483617e-09	3.684999e+01	5.198852e+02
7.860000e-06	4.026342e-09	4.472340e-09	3.662655e+01	5.187850e+02
7.870000e-06	4.001665e-09	4.463058e-09	3.640207e+01	5.176934e+02
7.880000e-06	3.976875e-09	4.456795e-09	3.617656e+01	5.166097e+02
7.890000e-06	3.951978e-09	4.451840e-09	3.595008e+01	5.155335e+02
7.900000e-06	3.926981e-09	4.446109e-09	3.572269e+01	5.144636e+02
7.910000e-06	3.901890e-09	4.437001e-09	3.549445e+01	5.133991e+02
7.920000e-06	3.876696e-09	4.425689e-09	3.526526e+01	5.123387e+02
7.930000e-06	3.851384e-09	4.414373e-09	3.503501e+01	5.112809e+02
7.940000e-06	3.825958e-09	4.402772e-09	3.480371e+01	5.102243e+02
7.950000e-06	3.800426e-09	4.389122e-09	3.457145e+01	5.091671e+02
7.960000e-06	3.774796e-09	4.375186e-09	3.433831e+01	5.081075e+02
7.970000e-06	3.749084e-09	4.365256e-09	3.410441e+01	5.070435e+02
7.980000e-06	3.723291e-09	4.359023e-09	3.386978e+01	5.059731e+02
7.990000e-06	3.697411e-09	4.354179e-09	3.363435e+01	5.048942e+02
8.000000e-06	3.671441e-09	4.348756e-09	3.339812e+01	5.038047e+02
8.010000e-06	3.645383e-09	4.342604e-09	3.316107e+01	5.027022e+02
8.020000e-06	3.619229e-09	4.334524e-09	3.292316e+01	5.015846e+02
8.030000e-06	3.592979e-09	4.323246e-09	3.268437e+01	5.004497e+02
8.040000e-06	3.566632e-09	4.309471e-09	3.244470e+01	4.992952e+02
8.050000e-06	3.540188e-09	4.296160e-09	3.220415e+01	4.981189e+02
8.060000e-06	3.513654e-09	4.285810e-09	3.196277e+01	4.969187e+02
8.070000e-06	3.487030e-09	4.277600e-09	3.172059e+01	4.956925e+02
8.080000e-06	3.460321e-09	4.270480e-09	3.147761e+01	4.944383e+02
8.090000e-06	3.433525e-09	4.261722e-09	3.123386e+01	4.931543e+02
8.100000e-06	3.406635e-09	4.251391e-09	3.098925e+01	4.918386e+02
8.110000e-06	3.379651e-09	4.241280e-09	3.074378e+01	4.904898e+02
8.120000e-06	3.352579e-09	4.229667e-09	3.049752e+01	4.891062e+02
8.130000e-06	3.325419e-09	4.215694e-09	3.025046e+01	4.876866e+02
8.140000e-06	3.298169e-09	4.201392e-09	3.000257e+01	4.862299e+02
8.150000e-06	3.270834e-09	4.188500e-09	2.975391e+01	4.847351e+02
8.160000e-06	3.243415e-09	4.176423e-09	2.950449e+01	4.832013e+02
8.170000e-06	3.215911e-09	4.162498e-09	2.925429e+01	4.816282e+02
8.180000e-06	3.188323e-09	4.146695e-09	2.900333e+01	4.800152e+02
8.190000e-06	3.160650e-09	4.132877e-09	2.875159e+01	4.783621e+02
8.200000e-06	3.132893e-09	4.121498e-09	2.849910e+01	4.766691e+02
8.210000e-06	3.105052e-09	4.111109e-09	2.824583e+01	4.749363e+02
8.220000e-06	3.077123e-09	4.101190e-09	2.799177e+01	4.731642e+02
8.230000e-06	3.049107e-09	4.088616e-09	2.773692e+01	4.713533e+02
8.240000e-06	3.021008e-09	4.070943e-09	2.748131e+01	4.695044e+02
8.250000e-06	2.992829e-09	4.048810e-09	2.722498e+01	4.676185e+02
8.260000e-06	2.964568e-09	4.023698e-09	2.696789e+01	4.656967e+02
8.270000e-06	2.936225e-09	3.999647e-09	2.671006e+01	4.637403e+02
8.280000e-06	2.907802e-09	3.981694e-09	2.645151e+01	4.617506e+02
8.290000e-06	2.879298e-09	3.969514e-09	2.619222e+01	4.597293e+02
8.300000e-06	2.850707e-09	3.960188e-09	2.593214e+01	4.576778e+02
8.310000e-06	2.822030e-09	3.949132e-09	2.567126e+01	4.555979e+02
8.320000e-06	2.793273e-09	3.933505e-09	2.540967e+01	4.534914e+02
8.330000e-06	2.764443e-09	3.913484e-09	2.514741e+01	4.513600e+02
8.340000e-06	2.735548e-09	3.889584e-09	2.488456e+01	4.492057e+02
8.350000e-06	2.706595e-09	3.865434e-09	2.462118e+01	4.470303e+02
8.360000e-06	2.677582e-09	3.843739e-09	2.435726e+01	4.448356e+02
8.370000e-06	2.648505e-09	3.825821e-09	2.409275e+01	4.426234e+02
8.380000e-06	2.619373e-09	3.812271e-09	2.382775e+01	4.403954e+02
8.390000e-06	2.590183e-09	3.799450e-09	2.356222e+01	4.381534e+02
8.400000e-06	2.560929e-09	3.783392e-09	2.329610e+01	4.358988e+02
8.410000e-06	2.531609e-09	3.763319e-09	2.302938e+01	4.336332e+02
8.420000e-06	2.502227e-09	3.739858e-09	2.276211e+01	4.313578e+02
8.430000e-06	2.472781e-09	3.715169e-09	2.249424e+01	4.290739e+02
8.440000e-06	2.443266e-09	3.692037e-09	2.222575e+01	4.267825e+02
8.450000e-06	2.413684e-09	3.670826e-09	2.195666e+01	4.244843e+02
8.460000e-06	2.384041e-09	3.651779e-09	2.168700e+01	4.221801e+02
8.470000e-06	2.354334e-09	3.635516e-09	2.141677e+01	4.198703e+02
8.480000e-06	2.324570e-09	3.620122e-09	2.114601e+01	4.175551e+02
8.490000e-06	2.294752e-09	3.603972e-09	2.087476e+01	4.152345e+02
8.500000e-06	2.264882e-09	3.586062e-09	2.060305e+01	4.129085e+02
8.510000e-06	2.234959e-09	3.568547e-09	2.033084e+01	4.105765e+02
8.520000e-06	2.204982e-09	3.551566e-09	2.005815e+01	4.082378e+02
8.530000e-06	2.174947e-09	3.533832e-09	1.978493e+01	4.058918e+02
8.540000e-06	2.144850e-09	3.514331e-09	1.951115e+01	4.035371e+02
8.550000e-06	2.114694e-09	3.492420e-09	1.923683e+01	4.011726e+02
8.560000e-06	2.084478e-09	3.469514e-09	1.896196e+01	3.987967e+02
8.570000e-06	2.054201e-09	3.446239e-09	1.868654e+01	3.964077e+02
8.580000e-06	2.023865e-09	3.424141e-09	1.841058e+01	3.940037e+02
8.590000e-06	1.993472e-09	3.403281e-09	1.813411e+01	3.915825e+02
8.600000e-06	1.963025e-09	3.384251e-09	1.785713e+01	3.891420e+02
8.610000e-06	1.932529e-09	3.368081e-09	1.757973e+01	3.866797e+02
8.620000e-06	1.901989e-09	3.352055e-09	1.730191e+01	3.841930e+02
8.630000e-06	1.871405e-09	3.332604e-09	1.702369e+01	3.816792e+02
8.640000e-06	1.840779e-09	3.308003e-09	1.674510e+01	3.791357e+02
8.650000e-06	1.810110e-09	3.281079e-09	1.646611e+01	3.765594e+02
8.660000e-06	1.779399e-09	3.256017e-09	1.618674e+01	3.739475e+02
8.670000e-06	1.748649e-09	3.232546e-09	1.590702e+01	3.712968e+02
8.680000e-06	1.717857e-09	3.209956e-09	1.562691e+01	3.686045e+02
8.690000e-06	1.687020e-09	3.190174e-09	1.534639e+01	3.658674e+02
8.700000e-06	1.656144e-09	3.171910e-09	1.506553e+01	3.630825e+02
8.710000e-06	1.625227e-09	3.151303e-09	1.478428e+01	3.602467e+02
8.720000e-06	1.594258e-09	3.128070e-09	1.450257e+01	3.573570e+02
8.730000e-06	1.563242e-09	3.101500e-09	1.422042e+01	3.544104e+02
8.740000e-06	1.532187e-09	3.071919e-09	1.393793e+01	3.514041e+02
8.750000e-06	1.501089e-09	3.040697e-09	1.365503e+01	3.483351e+02
8.760000e-06	1.469949e-09	3.008979e-09	1.337176e+01	3.452008e+02
8.770000e-06	1.438771e-09	2.979457e-09	1.308815e+01	3.419985e+02
8.780000e-06	1.407556e-09	2.953839e-09	1.280419e+01	3.387256e+02
8.790000e-06	1.376307e-09	2.931519e-09	1.251992e+01	3.353797e+02
8.800000e-06	1.345023e-09	2.906733e-09	1.223535e+01	3.319585e+02
8.810000e-06	1.313705e-09	2.877449e-09	1.195046e+01	3.284597e+02
8.820000e-06	1.282356e-09	2.845451e-09	1.166528e+01	3.248812e+02
8.830000e-06	1.250973e-09	2.810770e-09	1.137980e+01	3.212212e+02
8.840000e-06	1.219556e-09	2.774435e-09	1.109401e+01	3.174776e+02
8.850000e-06	1.188105e-09	2.736809e-09	1.080790e+01	3.136488e+02
8.860000e-06	1.156619e-09	2.700396e-09	1.052149e+01	3.097332e+02
8.870000e-06	1.125100e-09	2.665972e-09	1.023477e+01	3.057292e+02
8.880000e-06	1.093552e-09	2.632950e-09	9.947783e+00	3.016355e+02
8.890000e-06	1.061980e-09	2.600093e-09	9.660585e+00	2.974507e+02
8.900000e-06	1.030380e-09	2.564815e-09	9.373130e+00	2.931735e+02
8.910000e-06	9.987533e-10	2.528194e-09	9.085427e+00	2.888027e+02
8.920000e-06	9.671027e-10	2.491154e-09	8.797511e+00	2.843374e+02
8.930000e-06	9.354276e-10	2.451765e-09	8.509372e+00	2.797764e+02
8.940000e-06	9.037282e-10	2.408244e-09	8.221011e+00	2.751187e+02
8.950000e-06	8.720077e-10	2.362314e-09	7.932458e+00	2.703633e+02
8.960000e-06	8.402636e-10	2.317432e-09	7.643691e+00	2.655093e+02
8.970000e-06	8.084972e-10	2.274972e-09	7.354722e+00	2.605558e+02
8.980000e-06	7.767113e-10	2.232786e-09	7.065574e+00	2.555017e+02
8.990000e-06	7.449020e-10	2.189257e-09	6.776214e+00	2.503462e+02
9.000000e-06	7.130723e-10	2.145040e-09	6.486668e+00	2.450883e+02
9.010000e-06	6.812218e-10	2.100500e-09	6.196933e+00	2.397270e+02
9.020000e-06	6.493476e-10	2.054460e-09	5.906983e+00	2.342613e+02
9.030000e-06	6.174606e-10	2.004308e-09	5.616916e+00	2.286903e+02
9.040000e-06	5.855613e-10	1.950108e-09	5.326737e+00	2.230127e+02
9.050000e-06	5.536420e-10	1.894937e-09	5.036376e+00	2.172277e+02
9.060000e-06	5.217132e-10	1.840122e-09	4.745928e+00	2.113340e+02
9.070000e-06	4.897796e-10	1.784637e-09	4.455437e+00	2.053306e+02
9.080000e-06	4.578350e-10	1.729677e-09	4.164846e+00	1.992163e+02
9.090000e-06	4.258772e-10	1.677579e-09	3.874135e+00	1.929900e+02
9.100000e-06	3.939042e-10	1.627329e-09	3.583285e+00	1.866506e+02
9.110000e-06	3.619187e-10	1.574411e-09	3.292323e+00	1.801969e+02
9.120000e-06	3.299230e-10	1.517171e-09	3.001267e+00	1.736279e+02
9.130000e-06	2.979202e-10	1.456800e-09	2.710146e+00	1.669426e+02
9.140000e-06	2.659100e-10	1.393788e-09	2.418958e+00	1.601400e+02
9.150000e-06	2.338924e-10	1.330671e-09	2.127702e+00	1.532192e+02
9.160000e-06	2.018713e-10	1.268139e-09	1.836415e+00	1.461794e+02
9.170000e-06	1.698450e-10	1.205532e-09	1.545082e+00	1.390200e+02
9.180000e-06	1.378178e-10	1.141894e-09	1.253738e+00	1.317406e+02
9.190000e-06	1.057882e-10	1.076149e-09	9.623744e-01	1.243409e+02
9.200000e-06	7.375702e-11	1.010409e-09	6.709956e-01	1.168206e+02
9.210000e-06	4.172847e-11	9.446650e-10	3.796408e-01	1.091800e+02
9.220000e-06	9.698540e-12	8.774367e-10	8.827335e-02	1.014194e+02
9.230000e-06	-2.232927e-11	8.084919e-10	-2.030748e-01	9.353948e+01
9.240000e-06	-5.435464e-11	7.377642e-10	-4.944007e-01	8.554118e+01
9.250000e-06	-8.638275e-11	6.642832e-10	-7.857515e-01	7.742579e+01
9.260000e-06	-1.184155e-10	5.878689e-10	-1.077145e+00	6.919491e+01
9.270000e-06	-1.504418e-10	5.122661e-10	-1.368479e+00	6.085055e+01
9.280000e-06	-1.824608e-10	4.399773e-10	-1.659747e+00	5.239508e+01
9.290000e-06	-2.144780e-10	3.703824e-10	-1.950999e+00	4.383129e+01
9.300000e-06	-2.464872e-10	3.012725e-10	-2.242177e+00	3.516237e+01
9.310000e-06	-2.784867e-10	2.303046e-10	-2.533268e+00	2.639197e+01
9.320000e-06	-3.104758e-10	1.563525e-10	-2.824264e+00	1.752417e+01
9.330000e-06	-3.424477e-10	7.886961e-11	-3.115103e+00	8.563487e+00
9.340000e-06	-3.744011e-10	-1.177346e-12	-3.405775e+00	-4.850788e-01
9.350000e-06	-4.063477e-10	-8.249633e-11	-3.696384e+00	-9.616088e+00
9.360000e-06	-4.382866e-10	-1.631486e-10	-3.986923e+00	-1.882364e+01
9.370000e-06	-4.702110e-10	-2.422881e-10	-4.277331e+00	-2.810139e+01
9.380000e-06	-5.021221e-10	-3.196660e-10	-4.567617e+00	-3.744256e+01
9.390000e-06	-5.340174e-10	-3.975767e-10	-4.857759e+00	-4.683991e+01
9.400000e-06	-5.658994e-10	-4.778668e-10	-5.147781e+00	-5.628584e+01
9.410000e-06	-5.977693e-10	-5.579294e-10	-5.437693e+00	-6.577232e+01
9.420000e-06	-6.296230e-10	-6.375038e-10	-5.727457e+00	-7.529095e+01
9.430000e-06	-6.614594e-10	-7.154611e-10	-6.017063e+00	-8.483302e+01
9.440000e-06	-6.932773e-10	-7.930170e-10	-6.306502e+00	-9.438947e+01
9.450000e-06	-7.250740e-10	-8.715668e-10	-6.595748e+00	-1.039510e+02
9.460000e-06	-7.568489e-10	-9.516759e-10	-6.884795e+00	-1.135080e+02
9.470000e-06	-7.885990e-10	-1.034381e-09	-7.173616e+00	-1.230506e+02
9.480000e-06	-8.203267e-10	-1.117736e-09	-7.462234e+00	-1.325691e+02
9.490000e-06	-8.520309e-10	-1.199945e-09	-7.750639e+00	-1.420532e+02
9.500000e-06	-8.837081e-10	-1.279148e-09	-8.038797e+00	-1.514929e+02
9.510000e-06	-9.153657e-10	-1.356523e-09	-8.326776e+00	-1.608779e+02
9.520000e-06	-9.470020e-10	-1.434250e-09	-8.614563e+00	-1.701981e+02
9.530000e-06	-9.786159e-10	-1.512780e-09	-8.902145e+00	-1.794433e+02
9.540000e-06	-1.010207e-09	-1.591591e-09	-9.189518e+00	-1.886036e+02
9.550000e-06	-1.041769e-09	-1.670263e-09	-9.476636e+00	-1.976691e+02
9.560000e-06	-1.073303e-09	-1.749496e-09	-9.763484e+00	-2.066301e+02
9.570000e-06	-1.104808e-09	-1.827186e-09	-1.005008e+01	-2.154774e+02
9.580000e-06	-1.136282e-09	-1.901220e-09	-1.033639e+01	-2.242017e+02
9.590000e-06	-1.167722e-09	-1.973372e-09	-1.062239e+01	-2.327944e+02
9.600000e-06	-1.199126e-09	-2.045253e-09	-1.090806e+01	-2.412470e+02
9.610000e-06	-1.230494e-09	-2.117557e-09	-1.119341e+01	-2.495518e+02
9.620000e-06	-1.261833e-09	-2.190358e-09	-1.147849e+01	-2.577011e+02
9.630000e-06	-1.293140e-09	-2.262777e-09	-1.176328e+01	-2.656882e+02
9.640000e-06	-1.324411e-09	-2.333374e-09	-1.204774e+01	-2.735065e+02
9.650000e-06	-1.355644e-09	-2.402140e-09	-1.233187e+01	-2.811503e+02
9.660000e-06	-1.386842e-09	-2.468879e-09	-1.261566e+01	-2.886143e+02
9.670000e-06	-1.418003e-09	-2.534064e-09	-1.289913e+01	-2.958939e+02
9.680000e-06	-1.449128e-09	-2.599783e-09	-1.318226e+01	-3.029851e+02
9.690000e-06	-1.480209e-09	-2.665560e-09	-1.346499e+01	-3.098846e+02
9.700000e-06	-1.511245e-09	-2.730222e-09	-1.374733e+01	-3.165898e+02
9.710000e-06	-1.542238e-09	-2.792173e-09	-1.402926e+01	-3.230986e+02
9.720000e-06	-1.573185e-09	-2.849728e-09	-1.431078e+01	-3.294098e+02
9.730000e-06	-1.604089e-09	-2.904355e-09	-1.459190e+01	-3.355227e+02
9.740000e-06	-1.634952e-09	-2.957833e-09	-1.487265e+01	-3.414373e+02
9.750000e-06	-1.665772e-09	-3.011154e-09	-1.515301e+01	-3.471545e+02
9.760000e-06	-1.696548e-09	-3.066487e-09	-1.543297e+01	-3.526754e+02
9.770000e-06	-1.727285e-09	-3.121335e-09	-1.571258e+01	-3.580021e+02
9.780000e-06	-1.757984e-09	-3.169831e-09	-1.599184e+01	-3.631371e+02
9.790000e-06	-1.788640e-09	-3.211239e-09	-1.627071e+01	-3.680836e+02
9.800000e-06	-1.819255e-09	-3.247934e-09	-1.654920e+01	-3.728453e+02
9.810000e-06	-1.849824e-09	-3.283008e-09	-1.682729e+01	-3.774264e+02
9.820000e-06	-1.880349e-09	-3.319703e-09	-1.710497e+01	-3.818316e+02
9.830000e-06	-1.910828e-09	-3.360547e-09	-1.738222e+01	-3.860661e+02
9.840000e-06	-1.941255e-09	-3.404937e-09	-1.765901e+01	-3.901354e+02
9.850000e-06	-1.971628e-09	-3.448145e-09	-1.793530e+01	-3.940455e+02
9.860000e-06	-2.001945e-09	-3.485938e-09	-1.821108e+01	-3.978026e+02
9.870000e-06	-2.032204e-09	-3.514502e-09	-1.848634e+01	-4.014132e+02
9.880000e-06	-2.062410e-09	-3.537631e-09	-1.876113e+01	-4.048841e+02
9.890000e-06	-2.092562e-09	-3.560598e-09	-1.903540e+01	-4.082223e+02
9.900000e-06	-2.122654e-09	-3.586829e-09	-1.930914e+01	-4.114348e+02
9.910000e-06	-2.152688e-09	-3.617300e-09	-1.958236e+01	-4.145289e+02
9.920000e-06	-2.182671e-09	-3.647589e-09	-1.985510e+01	-4.175118e+02
9.930000e-06	-2.212600e-09	-3.677457e-09	-2.012736e+01	-4.203907e+02
9.940000e-06	-2.242470e-09	-3.706246e-09	-2.039907e+01	-4.231728e+02
9.950000e-06	-2.272286e-09	-3.731262e-09	-2.067031e+01	-4.258654e+02
9.960000e-06	-2.302048e-09	-3.751360e-09	-2.094104e+01	-4.284753e+02
9.970000e-06	-2.331743e-09	-3.770196e-09	-2.121117e+01	-4.310095e+02
9.980000e-06	-2.361375e-09	-3.791777e-09	-2.148072e+01	-4.334747e+02
9.990000e-06	-2.390945e-09	-3.815427e-09	-2.174971e+01	-4.358772e+02
1.000000e-05	-2.420452e-09	-3.839028e-09	-2.201813e+01	-4.382233e+02
1.001000e-05	-2.449894e-09	-3.860638e-09	-2.228596e+01	-4.405188e+02
1.002000e-05	-2.479269e-09	-3.880224e-09	-2.255317e+01	-4.427693e+02
1.003000e-05	-2.508580e-09	-3.897929e-09	-2.281980e+01	-4.449801e+02
1.004000e-05	-2.537829e-09	-3.915058e-09	-2.308588e+01	-4.471561e+02
1.005000e-05	-2.567022e-09	-3.932895e-09	-2.335144e+01	-4.493018e+02
1.006000e-05	-2.596155e-09	-3.952542e-09	-2.361646e+01	-4.514213e+02
1.007000e-05	-2.625226e-09	-3.975674e-09	-2.388090e+01	-4.535185e+02
1.008000e-05	-2.654237e-09	-3.999664e-09	-2.414481e+01	-4.555966e+02
1.009000e-05	-2.683186e-09	-4.020089e-09	-2.440815e+01	-4.576586e+02
1.010000e-05	-2.712067e-09	-4.034114e-09	-2.467088e+01	-4.597072e+02
1.011000e-05	-2.740879e-09	-4.045054e-09	-2.493297e+01	-4.617445e+02
1.012000e-05	-2.769618e-09	-4.058214e-09	-2.519440e+01	-4.637722e+02
1.013000e-05	-2.798281e-09	-4.075375e-09	-2.545514e+01	-4.657918e+02
1.014000e-05	-2.826863e-09	-4.095855e-09	-2.571514e+01	-4.678043e+02
1.015000e-05	-2.855364e-09	-4.117459e-09	-2.597441e+01	-4.698104e+02
1.016000e-05	-2.883784e-09	-4.138985e-09	-2.623293e+01	-4.718105e+02
1.017000e-05	-2.912121e-09	-4.159930e-09	-2.649071e+01	-4.738045e+02
1.018000e-05	-2.940378e-09	-4.179164e-09	-2.674775e+01	-4.757923e+02
1.019000e-05	-2.968556e-09	-4.193742e-09	-2.700409e+01	-4.777733e+02
1.020000e-05	-2.996652e-09	-4.205584e-09	-2.725967e+01	-4.797466e+02
1.021000e-05	-3.024660e-09	-4.218885e-09	-2.751444e+01	-4.817113e+02
1.022000e-05	-3.052585e-09	-4.235007e-09	-2.776847e+01	-4.836662e+02
1.023000e-05	-3.080425e-09	-4.251484e-09	-2.802173e+01	-4.856099e+02
1.024000e-05	-3.108181e-09	-4.267281e-09	-2.827421e+01	-4.875407e+02
1.025000e-05	-3.135851e-09	-4.283756e-09	-2.852592e+01	-4.894571e+02
1.026000e-05	-3.163434e-09	-4.300226e-09	-2.877684e+01	-4.913573e+02
1.027000e-05	-3.190939e-09	-4.317529e-09	-2.902704e+01	-4.932394e+02
1.028000e-05	-3.218363e-09	-4.333786e-09	-2.927651e+01	-4.951015e+02
1.029000e-05	-3.245704e-09	-4.348838e-09	-2.952522e+01	-4.969419e+02
1.030000e-05	-3.272961e-09	-4.365175e-09	-2.977317e+01	-4.987585e+02
1.031000e-05	-3.300135e-09	-4.382808e-09	-3.002037e+01	-5.005495e+02
1.032000e-05	-3.327227e-09	-4.398260e-09	-3.026681e+01	-5.023131e+02
1.033000e-05	-3.354228e-09	-4.410061e-09	-3.051244e+01	-5.040476e+02
1.034000e-05	-3.381137e-09	-4.422211e-09	-3.075722e+01	-5.057512e+02
1.035000e-05	-3.407956e-09	-4.437575e-09	-3.100118e+01	-5.074226e+02
1.036000e-05	-3.434690e-09	-4.454317e-09	-3.124438e+01	-5.090602e+02
1.037000e-05	-3.461336e-09	-4.468534e-09	-3.148677e+01	-5.106629e+02
1.038000e-05	-3.487888e-09	-4.480325e-09	-3.172830e+01	-5.122294e+02
1.039000e-05	-3.514350e-09	-4.492889e-09	-3.196902e+01	-5.137588e+02
1.040000e-05	-3.540720e-09	-4.507030e-09	-3.220890e+01	-5.152505e+02
1.041000e-05	-3.566990e-09	-4.519574e-09	-3.244788e+01	-5.167036e+02
1.042000e-05	-3.593167e-09	-4.528808e-09	-3.268600e+01	-5.181180e+02
1.043000e-05	-3.619257e-09	-4.538049e-09	-3.292333e+01	-5.194933e+02
1.044000e-05	-3.645260e-09	-4.550516e-09	-3.315987e+01	-5.208295e+02
1.045000e-05	-3.671174e-09	-4.565325e-09	-3.339561e+01	-5.221268e+02
1.046000e-05	-3.697004e-09	-4.578937e-09	-3.363058e+01	-5.233855e+02
1.047000e-05	-3.722752e-09	-4.590984e-09	-3.386479e+01	-5.246063e+02
1.048000e-05	-3.748413e-09	-4.603431e-09	-3.409823e+01	-5.257897e+02
1.049000e-05	-3.773988e-09	-4.614183e-09	-3.433088e+01	-5.269368e+02
1.050000e-05	-3.799472e-09	-4.620020e-09	-3.456270e+01	-5.280485e+02
1.051000e-05	-3.824851e-09	-4.621776e-09	-3.479356e+01	-5.291262e+02
1.052000e-05	-3.850121e-09	-4.624708e-09	-3.502344e+01	-5.301711e+02
1.053000e-05	-3.875284e-09	-4.630981e-09	-3.525234e+01	-5.311848e+02
1.054000e-05	-3.900343e-09	-4.640397e-09	-3.548030e+01	-5.321689e+02
1.055000e-05	-3.925305e-09	-4.651126e-09	-3.570736e+01	-5.331252e+02
1.056000e-05	-3.950162e-09	-4.660688e-09	-3.593348e+01	-5.340554e+02
1.057000e-05	-3.974907e-09	-4.669173e-09	-3.615859e+01	-5.349616e+02
1.058000e-05	-3.999544e-09	-4.676322e-09	-3.638270e+01	-5.358456e+02
1.059000e-05	-4.024074e-09	-4.680871e-09	-3.660584e+01	-5.367095e+02
1.060000e-05	-4.048500e-09	-4.684594e-09	-3.682804e+01	-5.375553e+02
1.061000e-05	-4.072826e-09	-4.691199e-09	-3.704933e+01	-5.383853e+02
1.062000e-05	-4.097052e-09	-4.696702e-09	-3.726971e+01	-5.392013e+02
1.063000e-05	-4.121177e-09	-4.702807e-09	-3.748917e+01	-5.400056e+02
1.064000e-05	-4.145203e-09	-4.710390e-09	-3.770772e+01	-5.408000e+02
1.065000e-05	-4.169123e-09	-4.718187e-09	-3.792531e+01	-5.415868e+02
1.066000e-05	-4.192924e-09	-4.727086e-09	-3.814183e+01	-5.423677e+02
1.067000e-05	-4.216608e-09	-4.732666e-09	-3.835727e+01	-5.431446e+02
1.068000e-05	-4.240173e-09	-4.737248e-09	-3.857164e+01	-5.439194e+02
1.069000e-05	-4.263616e-09	-4.740922e-09	-3.878489e+01	-5.446937e+02
1.070000e-05	-4.286935e-09	-4.745025e-09	-3.899702e+01	-5.454692e+02
1.071000e-05	-4.310134e-09	-4.750612e-09	-3.920805e+01	-5.462471e+02
1.072000e-05	-4.333210e-09	-4.755794e-09	-3.941797e+01	-5.470290e+02
1.073000e-05	-4.356161e-09	-4.762235e-09	-3.962675e+01	-5.478159e+02
1.074000e-05	-4.378988e-09	-4.767468e-09	-3.983440e+01	-5.486090e+02
1.075000e-05	-4.401686e-09	-4.773055e-09	-4.004088e+01	-5.494091e+02
1.076000e-05	-4.424248e-09	-4.779280e-09	-4.024612e+01	-5.502169e+02
1.077000e-05	-4.446680e-09	-4.784649e-09	-4.045018e+01	-5.510331e+02
1.078000e-05	-4.468993e-09	-4.788830e-09	-4.065315e+01	-5.518580e+02
1.079000e-05	-4.491183e-09	-4.792392e-09	-4.085501e+01	-5.526919e+02
1.080000e-05	-4.513244e-09	-4.799207e-09	-4.105569e+01	-5.535349e+02
1.081000e-05	-4.535182e-09	-4.807042e-09	-4.125525e+01	-5.543868e+02
1.082000e-05	-4.557004e-09	-4.814081e-09	-4.145377e+01	-5.552476e+02
1.083000e-05	-4.578715e-09	-4.820848e-09	-4.165126e+01	-5.561167e+02
1.084000e-05	-4.600317e-09	-4.826739e-09	-4.184777e+01	-5.569935e+02
1.085000e-05	-4.621814e-09	-4.831356e-09	-4.204332e+01	-5.578775e+02
1.086000e-05	-4.643202e-09	-4.835451e-09	-4.223788e+01	-5.587678e+02
1.087000e-05	-4.664479e-09	-4.842125e-09	-4.243144e+01	-5.596634e+02
1.088000e-05	-4.685652e-09	-4.852225e-09	-4.262404e+01	-5.605631e+02
1.089000e-05	-4.706718e-09	-4.863143e-09	-4.281567e+01	-5.614659e+02
1.090000e-05	-4.727675e-09	-4.871421e-09	-4.300631e+01	-5.623704e+02
1.091000e-05	-4.748521e-09	-4.876840e-09	-4.319594e+01	-5.632751e+02
1.092000e-05	-4.769247e-09	-4.881662e-09	-4.338448e+01	-5.641787e+02
1.093000e-05	-4.789840e-09	-4.886896e-09	-4.357181e+01	-5.650796e+02
1.094000e-05	-4.810294e-09	-4.891970e-09	-4.375787e+01	-5.659762e+02
1.095000e-05	-4.830607e-09	-4.896976e-09	-4.394266e+01	-5.668669e+02
1.096000e-05	-4.850787e-09	-4.904680e-09	-4.412622e+01	-5.677501e+02
1.097000e-05	-4.870837e-09	-4.915102e-09	-4.430862e+01	-5.686242e+02
1.098000e-05	-4.890759e-09	-4.924427e-09	-4.448984e+01	-5.694874e+02
1.099000e-05	-4.910553e-09	-4.930340e-09	-4.466990e+01	-5.703382e+02
1.100000e-05	-4.930226e-09	-4.933541e-09	-4.484887e+01	-5.711750e+02
1.101000e-05	-4.949782e-09	-4.936941e-09	-4.502676e+01	-5.719963e+02
1.102000e-05	-4.969224e-09	-4.941688e-09	-4.520361e+01	-5.728007e+02
1.103000e-05	-4.988556e-09	-4.946159e-09	-4.537948e+01	-5.735868e+02
1.104000e-05	-5.007778e-09	-4.951983e-09	-4.555433e+01	-5.743533e+02
1.105000e-05	-5.026888e-09	-4.960712e-09	-4.572817e+01	-5.750990e+02
1.106000e-05	-5.045879e-09	-4.972078e-09	-4.590093e+01	-5.758230e+02
1.107000e-05	-5.064733e-09	-4.982862e-09	-4.607243e+01	-5.765243e+02
1.108000e-05	-5.083441e-09	-4.989288e-09	-4.624262e+01	-5.772020e+02
1.109000e-05	-5.102003e-09	-4.992225e-09	-4.641147e+01	-5.778556e+02
1.110000e-05	-5.120422e-09	-4.993725e-09	-4.657902e+01	-5.784846e+02
1.111000e-05	-5.138699e-09	-4.995737e-09	-4.674529e+01	-5.790886e+02
1.112000e-05	-5.156842e-09	-4.998314e-09	-4.691033e+01	-5.796675e+02
1.113000e-05	-5.174856e-09	-5.002127e-09	-4.707420e+01	-5.802213e+02
1.114000e-05	-5.192738e-09	-5.007102e-09	-4.723686e+01	-5.807502e+02
1.115000e-05	-5.210495e-09	-5.012865e-09	-4.739840e+01	-5.812544e+02
1.116000e-05	-5.228136e-09	-5.018721e-09	-4.755887e+01	-5.817345e+02
1.117000e-05	-5.245659e-09	-5.022491e-09	-4.771828e+01	-5.821911e+02
1.118000e-05	-5.263062e-09	-5.024092e-09	-4.787659e+01	-5.826250e+02
1.119000e-05	-5.280331e-09	-5.026746e-09	-4.803368e+01	-5.830373e+02
1.120000e-05	-5.297446e-09	-5.031985e-09	-4.818937e+01	-5.834290e+02
1.121000e-05	-5.314408e-09	-5.035095e-09	-4.834366e+01	-5.838014e+02
1.122000e-05	-5.331225e-09	-5.034857e-09	-4.849665e+01	-5.841558e+02
1.123000e-05	-5.347900e-09	-5.034104e-09	-4.864833e+01	-5.844937e+02
1.124000e-05	-5.364442e-09	-5.035958e-09	-4.879881e+01	-5.848168e+02
1.125000e-05	-5.380858e-09	-5.039020e-09	-4.894814e+01	-5.851266e+02
1.126000e-05	-5.397145e-09	-5.040567e-09	-4.909630e+01	-5.854249e+02
1.127000e-05	-5.413307e-09	-5.043371e-09	-4.924332e+01	-5.857135e+02
1.128000e-05	-5.429344e-09	-5.047597e-09	-4.938921e+01	-5.859943e+02
1.129000e-05	-5.445259e-09	-5.051372e-09	-4.953398e+01	-5.862690e+02
1.130000e-05	-5.461045e-09	-5.051090e-09	-4.967759e+01	-5.865397e+02
1.131000e-05	-5.476685e-09	-5.046466e-09	-4.981985e+01	-5.868081e+02
1.132000e-05	-5.492160e-09	-5.041917e-09	-4.996063e+01	-5.870760e+02
1.133000e-05	-5.507459e-09	-5.040566e-09	-5.009980e+01	-5.873453e+02
1.134000e-05	-5.522582e-09	-5.041451e-09	-5.023737e+01	-5.876176e+02
1.135000e-05	-5.537535e-09	-5.041969e-09	-5.037339e+01	-5.878947e+02
1.136000e-05	-5.552329e-09	-5.043646e-09	-5.050797e+01	-5.881780e+02
1.137000e-05	-5.566983e-09	-5.047458e-09	-5.064127e+01	-5.884691e+02
1.138000e-05	-5.581499e-09	-5.053833e-09	-5.077332e+01	-5.887691e+02
1.139000e-05	-5.595885e-09	-5.058590e-09	-5.090418e+01	-5.890793e+02
1.140000e-05	-5.610149e-09	-5.059443e-09	-5.103394e+01	-5.894008e+02
1.141000e-05	-5.624275e-09	-5.058855e-09	-5.116244e+01	-5.897343e+02
1.142000e-05	-5.638248e-09	-5.058081e-09	-5.128955e+01	-5.900806e+02
1.143000e-05	-5.652056e-09	-5.058175e-09	-5.141516e+01	-5.904403e+02
1.144000e-05	-5.665700e-09	-5.057598e-09	-5.153928e+01	-5.908136e+02
1.145000e-05	-5.679192e-09	-5.058465e-09	-5.166201e+01	-5.912007e+02
1.146000e-05	-5.692541e-09	-5.062940e-09	-5.178344e+01	-5.916016e+02
1.147000e-05	-5.705756e-09	-5.070495e-09	-5.190365e+01	-5.920161e+02
1.148000e-05	-5.718840e-09	-5.077874e-09	-5.202267e+01	-5.924437e+02
1.149000e-05	-5.731788e-09	-5.081225e-09	-5.214046e+01	-5.928839e+02
1.150000e-05	-5.744598e-09	-5.081393e-09	-5.225699e+01	-5.933359e+02
1.151000e-05	-5.757278e-09	-5.081446e-09	-5.237234e+01	-5.937987e+02
1.152000e-05	-5.769819e-09	-5.083470e-09	-5.248642e+01	-5.942713e+02
1.153000e-05	-5.782199e-09	-5.086621e-09	-5.259904e+01	-5.947523e+02
1.154000e-05	-5.794411e-09	-5.090070e-09	-5.271013e+01	-5.952404e+02
1.155000e-05	-5.806458e-09	-5.093705e-09	-5.281972e+01	-5.957341e+02
1.156000e-05	-5.818352e-09	-5.097779e-09	-5.292791e+01	-5.962316e+02
1.157000e-05	-5.830105e-09	-5.102729e-09	-5.303483e+01	-5.967314e+02
1.158000e-05	-5.841723e-09	-5.107775e-09	-5.314051e+01	-5.972315e+02
1.159000e-05	-5.853201e-09	-5.112851e-09	-5.324492e+01	-5.977301e+02
1.160000e-05	-5.864537e-09	-5.117306e-09	-5.334804e+01	-5.982252e+02
1.161000e-05	-5.875728e-09	-5.120058e-09	-5.344985e+01	-5.987150e+02
1.162000e-05	-5.886779e-09	-5.121757e-09	-5.355037e+01	-5.991974e+02
1.163000e-05	-5.897683e-09	-5.123047e-09	-5.364956e+01	-5.996706e+02
1.164000e-05	-5.908414e-09	-5.124640e-09	-5.374718e+01	-6.001327e+02
1.165000e-05	-5.918951e-09	-5.127749e-09	-5.384303e+01	-6.005818e+02
1.166000e-05	-5.929298e-09	-5.132504e-09	-5.393716e+01	-6.010162e+02
1.167000e-05	-5.939478e-09	-5.137978e-09	-5.402976e+01	-6.014343e+02
1.168000e-05	-5.949496e-09	-5.142361e-09	-5.412090e+01	-6.018344e+02
1.169000e-05	-5.959350e-09	-5.145745e-09	-5.421053e+01	-6.022152e+02
1.170000e-05	-5.969025e-09	-5.148013e-09	-5.429854e+01	-6.025754e+02
1.171000e-05	-5.978512e-09	-5.148674e-09	-5.438484e+01	-6.029138e+02
1.172000e-05	-5.987811e-09	-5.149166e-09	-5.446943e+01	-6.032297e+02
1.173000e-05	-5.996952e-09	-5.150456e-09	-5.455258e+01	-6.035221e+02
1.174000e-05	-6.005955e-09	-5.152525e-09	-5.463449e+01	-6.037905e+02
1.175000e-05	-6.014819e-09	-5.154072e-09	-5.471512e+01	-6.040346e+02
1.176000e-05	-6.023557e-09	-5.154160e-09	-5.479461e+01	-6.042541e+02
1.177000e-05	-6.032174e-09	-5.153554e-09	-5.487299e+01	-6.044492e+02
1.178000e-05	-6.040668e-09	-5.154629e-09	-5.495026e+01	-6.046201e+02
1.179000e-05	-6.049025e-09	-5.156637e-09	-5.502628e+01	-6.047671e+02
1.180000e-05	-6.057235e-09	-5.158095e-09	-5.510096e+01	-6.048910e+02
1.181000e-05	-6.065301e-09	-5.159359e-09	-5.517434e+01	-6.049926e+02
1.182000e-05	-6.073233e-09	-5.160939e-09	-5.524650e+01	-6.050728e+02
1.183000e-05	-6.081035e-09	-5.161162e-09	-5.531747e+01	-6.051331e+02
1.184000e-05	-6.088683e-09	-5.157867e-09	-5.538704e+01	-6.051745e+02
1.185000e-05	-6.096142e-09	-5.152903e-09	-5.545489e+01	-6.051988e+02
1.186000e-05	-6.103404e-09	-5.149196e-09	-5.552095e+01	-6.052075e+02
1.187000e-05	-6.110498e-09	-5.147444e-09	-5.558549e+01	-6.052025e+02
1.188000e-05	-6.117455e-09	-5.148107e-09	-5.564877e+01	-6.051855e+02
1.189000e-05	-6.124269e-09	-5.150917e-09	-5.571076e+01	-6.051586e+02
1.190000e-05	-6.130931e-09	-5.153158e-09	-5.577136e+01	-6.051237e+02
1.191000e-05	-6.137442e-09	-5.152779e-09	-5.583059e+01	-6.050829e+02
1.192000e-05	-6.143807e-09	-5.149538e-09	-5.588849e+01	-6.050382e+02
1.193000e-05	-6.150044e-09	-5.144481e-09	-5.594523e+01	-6.049918e+02
1.194000e-05	-6.156135e-09	-5.138010e-09	-5.600064e+01	-6.049456e+02
1.195000e-05	-6.162032e-09	-5.132128e-09	-5.605428e+01	-6.049016e+02
1.196000e-05	-6.167717e-09	-5.129126e-09	-5.610600e+01	-6.048617e+02
1.197000e-05	-6.173226e-09	-5.128756e-09	-5.615611e+01	-6.048278e+02
1.198000e-05	-6.178598e-09	-5.130500e-09	-5.620497e+01	-6.048015e+02
1.199000e-05	-6.183832e-09	-5.133872e-09	-5.625259e+01	-6.047844e+02
1.200000e-05	-6.188915e-09	-5.136301e-09	-5.629883e+01	-6.047779e+02
1.201000e-05	-6.193835e-09	-5.135344e-09	-5.634358e+01	-6.047834e+02
1.202000e-05	-6.198602e-09	-5.131556e-09	-5.638695e+01	-6.048018e+02
1.203000e-05	-6.203245e-09	-5.126762e-09	-5.642919e+01	-6.048341e+02
1.204000e-05	-6.207753e-09	-5.122780e-09	-5.647019e+01	-6.048809e+02
1.205000e-05	-6.212076e-09	-5.118858e-09	-5.650952e+01	-6.049427e+02
1.206000e-05	-6.216183e-09	-5.117486e-09	-5.654688e+01	-6.050198e+02
1.207000e-05	-6.220107e-09	-5.117590e-09	-5.658258e+01	-6.051121e+02
1.208000e-05	-6.223900e-09	-5.117156e-09	-5.661708e+01	-6.052196e+02
1.209000e-05	-6.227562e-09	-5.117893e-09	-5.665040e+01	-6.053417e+02
1.210000e-05	-6.231077e-09	-5.119086e-09	-5.668237e+01	-6.054779e+02
1.211000e-05	-6.234441e-09	-5.123296e-09	-5.671297e+01	-6.056272e+02
1.212000e-05	-6.237657e-09	-5.126062e-09	-5.674222e+01	-6.057886e+02
1.213000e-05	-6.240739e-09	-5.128531e-09	-5.677026e+01	-6.059609e+02
1.214000e-05	-6.243681e-09	-5.129497e-09	-5.679703e+01	-6.061426e+02
1.215000e-05	-6.246426e-09	-5.126928e-09	-5.682199e+01	-6.063321e+02
1.216000e-05	-6.248939e-09	-5.125138e-09	-5.684486e+01	-6.065276e+02
1.217000e-05	-6.251247e-09	-5.120457e-09	-5.686585e+01	-6.067271e+02
1.218000e-05	-6.253384e-09	-5.118394e-09	-5.688529e+01	-6.069288e+02
1.219000e-05	-6.255363e-09	-5.119459e-09	-5.690329e+01	-6.071303e+02
1.220000e-05	-6.257189e-09	-5.124498e-09	-5.691991e+01	-6.073296e+02
1.221000e-05	-6.258863e-09	-5.132369e-09	-5.693513e+01	-6.075244e+02
1.222000e-05	-6.260392e-09	-5.139431e-09	-5.694904e+01	-6.077123e+02
1.223000e-05	-6.261800e-09	-5.146387e-09	-5.696185e+01	-6.078911e+02
1.224000e-05	-6.263060e-09	-5.144780e-09	-5.697332e+01	-6.080584e+02
1.225000e-05	-6.264115e-09	-5.137313e-09	-5.698291e+01	-6.082122e+02
1.226000e-05	-6.264960e-09	-5.126615e-09	-5.699060e+01	-6.083500e+02
1.227000e-05	-6.265645e-09	-5.121055e-09	-5.699683e+01	-6.084700e+02
1.228000e-05	-6.266198e-09	-5.125121e-09	-5.700186e+01	-6.085700e+02
1.229000e-05	-6.266614e-09	-5.133440e-09	-5.700564e+01	-6.086483e+02
1.230000e-05	-6.266881e-09	-5.144439e-09	-5.700807e+01	-6.087031e+02
