# Temperatura_=_20.0
# Concentracion g/m^3_=_13500.0
# C_Vs_to_Am_M_A/Vsm_=_116720831517.84952
# pendiente_HvsI_1/m_=_3716.3
# ordenada_HvsI_A/m_=_1297.0
# frecuencia_Hz_=_213127.46916859006
# Promedio de 24 ciclos

Tiempo_(s)	Campo_(V.s)	Magnetizacion_(V.s)	Campo_(kA/m)	Magnetizacion_(A/m)
0.000000e+00	-6.935036e-09	-4.560480e-09	-5.684880e+01	-5.336411e+02
1.000000e-08	-6.933847e-09	-4.565213e-09	-5.683906e+01	-5.335507e+02
2.000000e-08	-6.931203e-09	-4.568627e-09	-5.681739e+01	-5.334648e+02
3.000000e-08	-6.927366e-09	-4.568937e-09	-5.678593e+01	-5.333862e+02
4.000000e-08	-6.922544e-09	-4.567584e-09	-5.674641e+01	-5.333158e+02
5.000000e-08	-6.916609e-09	-4.564628e-09	-5.669776e+01	-5.332518e+02
6.000000e-08	-6.909537e-09	-4.559430e-09	-5.663980e+01	-5.331901e+02
7.000000e-08	-6.901468e-09	-4.549462e-09	-5.657365e+01	-5.331243e+02
8.000000e-08	-6.892152e-09	-4.569071e-09	-5.649729e+01	-5.330461e+02
9.000000e-08	-6.881103e-09	-4.624288e-09	-5.640673e+01	-5.329459e+02
1.000000e-07	-6.868325e-09	-4.624503e-09	-5.630198e+01	-5.328132e+02
1.100000e-07	-6.854033e-09	-4.593866e-09	-5.618483e+01	-5.326374e+02
1.200000e-07	-6.838255e-09	-4.579793e-09	-5.605550e+01	-5.324088e+02
1.300000e-07	-6.821280e-09	-4.506581e-09	-5.591636e+01	-5.321190e+02
1.400000e-07	-6.803468e-09	-4.485388e-09	-5.577034e+01	-5.317615e+02
1.500000e-07	-6.784678e-09	-4.548985e-09	-5.561632e+01	-5.313323e+02
1.600000e-07	-6.764917e-09	-4.523137e-09	-5.545433e+01	-5.308302e+02
1.700000e-07	-6.744272e-09	-4.536799e-09	-5.528510e+01	-5.302569e+02
1.800000e-07	-6.722429e-09	-4.564111e-09	-5.510605e+01	-5.296166e+02
1.900000e-07	-6.699397e-09	-4.489933e-09	-5.491725e+01	-5.289160e+02
2.000000e-07	-6.675423e-09	-4.501352e-09	-5.472073e+01	-5.281636e+02
2.100000e-07	-6.650291e-09	-4.486266e-09	-5.451472e+01	-5.273691e+02
2.200000e-07	-6.623815e-09	-4.433428e-09	-5.429769e+01	-5.265425e+02
2.300000e-07	-6.596035e-09	-4.463983e-09	-5.406997e+01	-5.256939e+02
2.400000e-07	-6.567034e-09	-4.457647e-09	-5.383225e+01	-5.248319e+02
2.500000e-07	-6.536963e-09	-4.456389e-09	-5.358574e+01	-5.239637e+02
2.600000e-07	-6.505864e-09	-4.466262e-09	-5.333081e+01	-5.230942e+02
2.700000e-07	-6.473714e-09	-4.450355e-09	-5.306728e+01	-5.222261e+02
2.800000e-07	-6.440343e-09	-4.429998e-09	-5.279373e+01	-5.213592e+02
2.900000e-07	-6.405610e-09	-4.408157e-09	-5.250901e+01	-5.204909e+02
3.000000e-07	-6.369637e-09	-4.415504e-09	-5.221413e+01	-5.196165e+02
3.100000e-07	-6.332485e-09	-4.410807e-09	-5.190958e+01	-5.187297e+02
3.200000e-07	-6.294139e-09	-4.426766e-09	-5.159526e+01	-5.178227e+02
3.300000e-07	-6.254727e-09	-4.427015e-09	-5.127219e+01	-5.168876e+02
3.400000e-07	-6.214350e-09	-4.386238e-09	-5.094120e+01	-5.159164e+02
3.500000e-07	-6.172815e-09	-4.379403e-09	-5.060073e+01	-5.149022e+02
3.600000e-07	-6.129913e-09	-4.356707e-09	-5.024905e+01	-5.138393e+02
3.700000e-07	-6.085747e-09	-4.341761e-09	-4.988701e+01	-5.127238e+02
3.800000e-07	-6.040475e-09	-4.345180e-09	-4.951590e+01	-5.115540e+02
3.900000e-07	-5.994150e-09	-4.348575e-09	-4.913617e+01	-5.103298e+02
4.000000e-07	-5.946775e-09	-4.354213e-09	-4.874781e+01	-5.090535e+02
4.100000e-07	-5.898255e-09	-4.337526e-09	-4.835008e+01	-5.077287e+02
4.200000e-07	-5.848457e-09	-4.315809e-09	-4.794188e+01	-5.063601e+02
4.300000e-07	-5.797313e-09	-4.285753e-09	-4.752264e+01	-5.049534e+02
4.400000e-07	-5.744923e-09	-4.272955e-09	-4.709319e+01	-5.035138e+02
4.500000e-07	-5.691443e-09	-4.269919e-09	-4.665480e+01	-5.020463e+02
4.600000e-07	-5.636987e-09	-4.264506e-09	-4.620840e+01	-5.005548e+02
4.700000e-07	-5.581654e-09	-4.264480e-09	-4.575482e+01	-4.990417e+02
4.800000e-07	-5.525413e-09	-4.253438e-09	-4.529380e+01	-4.975075e+02
4.900000e-07	-5.468146e-09	-4.238597e-09	-4.482436e+01	-4.959513e+02
5.000000e-07	-5.409795e-09	-4.213641e-09	-4.434605e+01	-4.943701e+02
5.100000e-07	-5.350417e-09	-4.189458e-09	-4.385931e+01	-4.927596e+02
5.200000e-07	-5.290128e-09	-4.174530e-09	-4.336510e+01	-4.911140e+02
5.300000e-07	-5.229027e-09	-4.168331e-09	-4.286424e+01	-4.894270e+02
5.400000e-07	-5.167132e-09	-4.162588e-09	-4.235686e+01	-4.876921e+02
5.500000e-07	-5.104434e-09	-4.148014e-09	-4.184291e+01	-4.859029e+02
5.600000e-07	-5.040876e-09	-4.128830e-09	-4.132191e+01	-4.840537e+02
5.700000e-07	-4.976341e-09	-4.105972e-09	-4.079289e+01	-4.821400e+02
5.800000e-07	-4.910830e-09	-4.084838e-09	-4.025588e+01	-4.801585e+02
5.900000e-07	-4.844368e-09	-4.065441e-09	-3.971107e+01	-4.781074e+02
6.000000e-07	-4.776954e-09	-4.050607e-09	-3.915846e+01	-4.759863e+02
6.100000e-07	-4.708699e-09	-4.038117e-09	-3.859895e+01	-4.737960e+02
6.200000e-07	-4.639702e-09	-4.024557e-09	-3.803336e+01	-4.715382e+02
6.300000e-07	-4.569992e-09	-4.005545e-09	-3.746193e+01	-4.692152e+02
6.400000e-07	-4.499526e-09	-3.978653e-09	-3.688429e+01	-4.668294e+02
6.500000e-07	-4.428205e-09	-3.949757e-09	-3.629965e+01	-4.643828e+02
6.600000e-07	-4.355997e-09	-3.924000e-09	-3.570774e+01	-4.618770e+02
6.700000e-07	-4.282954e-09	-3.904655e-09	-3.510899e+01	-4.593122e+02
6.800000e-07	-4.209090e-09	-3.889127e-09	-3.450351e+01	-4.566876e+02
6.900000e-07	-4.134327e-09	-3.871824e-09	-3.389065e+01	-4.540010e+02
7.000000e-07	-4.058631e-09	-3.850029e-09	-3.327015e+01	-4.512489e+02
7.100000e-07	-3.982080e-09	-3.824610e-09	-3.264264e+01	-4.484268e+02
7.200000e-07	-3.904727e-09	-3.796960e-09	-3.200855e+01	-4.455291e+02
7.300000e-07	-3.826524e-09	-3.767153e-09	-3.136750e+01	-4.425499e+02
7.400000e-07	-3.747494e-09	-3.737607e-09	-3.071966e+01	-4.394830e+02
7.500000e-07	-3.667750e-09	-3.711145e-09	-3.006598e+01	-4.363225e+02
7.600000e-07	-3.587336e-09	-3.686623e-09	-2.940680e+01	-4.330629e+02
7.700000e-07	-3.506239e-09	-3.659772e-09	-2.874202e+01	-4.296993e+02
7.800000e-07	-3.424505e-09	-3.628928e-09	-2.807203e+01	-4.262278e+02
7.900000e-07	-3.342224e-09	-3.594699e-09	-2.739754e+01	-4.226455e+02
8.000000e-07	-3.259465e-09	-3.559223e-09	-2.671914e+01	-4.189497e+02
8.100000e-07	-3.176246e-09	-3.524726e-09	-2.603696e+01	-4.151388e+02
8.200000e-07	-3.092552e-09	-3.491517e-09	-2.535090e+01	-4.112108e+02
8.300000e-07	-3.008372e-09	-3.457792e-09	-2.466084e+01	-4.071640e+02
8.400000e-07	-2.923733e-09	-3.422710e-09	-2.396703e+01	-4.029957e+02
8.500000e-07	-2.838697e-09	-3.385759e-09	-2.326997e+01	-3.987025e+02
8.600000e-07	-2.753273e-09	-3.346305e-09	-2.256972e+01	-3.942797e+02
8.700000e-07	-2.667447e-09	-3.305470e-09	-2.186617e+01	-3.897214e+02
8.800000e-07	-2.581207e-09	-3.264235e-09	-2.115924e+01	-3.850199e+02
8.900000e-07	-2.494573e-09	-3.224565e-09	-2.044907e+01	-3.801662e+02
9.000000e-07	-2.407585e-09	-3.185050e-09	-1.973600e+01	-3.751498e+02
9.100000e-07	-2.320229e-09	-3.142839e-09	-1.901991e+01	-3.699594e+02
9.200000e-07	-2.232480e-09	-3.096902e-09	-1.830060e+01	-3.645824e+02
9.300000e-07	-2.144316e-09	-3.046865e-09	-1.757789e+01	-3.590058e+02
9.400000e-07	-2.055727e-09	-2.994341e-09	-1.685170e+01	-3.532159e+02
9.500000e-07	-1.966732e-09	-2.939796e-09	-1.612218e+01	-3.471988e+02
9.600000e-07	-1.877378e-09	-2.884179e-09	-1.538972e+01	-3.409397e+02
9.700000e-07	-1.787698e-09	-2.827640e-09	-1.465458e+01	-3.344232e+02
9.800000e-07	-1.697701e-09	-2.770714e-09	-1.391685e+01	-3.276325e+02
9.900000e-07	-1.607393e-09	-2.712410e-09	-1.317657e+01	-3.205489e+02
1.000000e-06	-1.516777e-09	-2.648575e-09	-1.243376e+01	-3.131510e+02
1.010000e-06	-1.425831e-09	-2.578918e-09	-1.168824e+01	-3.054137e+02
1.020000e-06	-1.334548e-09	-2.505603e-09	-1.093998e+01	-2.973075e+02
1.030000e-06	-1.242961e-09	-2.432225e-09	-1.018921e+01	-2.887978e+02
1.040000e-06	-1.151101e-09	-2.357019e-09	-9.436201e+00	-2.798443e+02
1.050000e-06	-1.058981e-09	-2.275761e-09	-8.681058e+00	-2.704007e+02
1.060000e-06	-9.666138e-10	-2.189398e-09	-7.923893e+00	-2.604148e+02
1.070000e-06	-8.740379e-10	-2.097427e-09	-7.165017e+00	-2.498296e+02
1.080000e-06	-7.812854e-10	-1.999690e-09	-6.404694e+00	-2.385840e+02
1.090000e-06	-6.883929e-10	-1.897366e-09	-5.643222e+00	-2.266146e+02
1.100000e-06	-5.953963e-10	-1.789491e-09	-4.880897e+00	-2.138582e+02
1.110000e-06	-5.023052e-10	-1.675601e-09	-4.117797e+00	-2.002546e+02
1.120000e-06	-4.091327e-10	-1.554784e-09	-3.354032e+00	-1.857493e+02
1.130000e-06	-3.158972e-10	-1.423784e-09	-2.589749e+00	-1.702971e+02
1.140000e-06	-2.226151e-10	-1.281015e-09	-1.825084e+00	-1.538654e+02
1.150000e-06	-1.293086e-10	-1.128249e-09	-1.060219e+00	-1.364375e+02
1.160000e-06	-3.599378e-11	-9.663646e-10	-2.952858e-01	-1.180155e+02
1.170000e-06	5.730595e-11	-7.956505e-10	4.695237e-01	-9.862285e+01
1.180000e-06	1.505714e-10	-6.173215e-10	1.234052e+00	-7.830559e+01
1.190000e-06	2.437888e-10	-4.332426e-10	1.998186e+00	-5.713373e+01
1.200000e-06	3.369431e-10	-2.451471e-10	2.761803e+00	-3.520091e+01
1.210000e-06	4.300340e-10	-5.483929e-11	3.524902e+00	-1.262336e+01
1.220000e-06	5.230426e-10	1.379017e-10	4.287325e+00	1.046220e+01
1.230000e-06	6.159346e-10	3.341516e-10	5.048793e+00	3.390159e+01
1.240000e-06	7.087060e-10	5.340050e-10	5.809273e+00	5.752712e+01
1.250000e-06	8.013583e-10	7.341181e-10	6.568776e+00	8.116210e+01
1.260000e-06	8.938604e-10	9.322856e-10	7.327049e+00	1.046259e+02
1.270000e-06	9.861860e-10	1.128381e-09	8.083874e+00	1.277394e+02
1.280000e-06	1.078309e-09	1.319867e-09	8.839039e+00	1.503302e+02
1.290000e-06	1.170196e-09	1.505125e-09	9.592271e+00	1.722375e+02
1.300000e-06	1.261820e-09	1.680982e-09	1.034335e+01	1.933173e+02
1.310000e-06	1.353177e-09	1.849597e-09	1.109223e+01	2.134456e+02
1.320000e-06	1.444272e-09	2.013667e-09	1.183896e+01	2.325219e+02
1.330000e-06	1.535082e-09	2.171945e-09	1.258336e+01	2.504713e+02
1.340000e-06	1.625591e-09	2.320537e-09	1.332529e+01	2.672453e+02
1.350000e-06	1.715807e-09	2.456573e-09	1.406483e+01	2.828217e+02
1.360000e-06	1.805752e-09	2.580362e-09	1.480214e+01	2.972038e+02
1.370000e-06	1.895425e-09	2.692192e-09	1.553721e+01	3.104182e+02
1.380000e-06	1.984796e-09	2.793593e-09	1.626981e+01	3.225120e+02
1.390000e-06	2.073833e-09	2.884965e-09	1.699968e+01	3.335495e+02
1.400000e-06	2.162503e-09	2.966569e-09	1.772654e+01	3.436083e+02
1.410000e-06	2.250760e-09	3.039875e-09	1.845002e+01	3.527754e+02
1.420000e-06	2.338581e-09	3.107672e-09	1.916991e+01	3.611428e+02
1.430000e-06	2.425973e-09	3.169655e-09	1.988630e+01	3.688043e+02
1.440000e-06	2.512967e-09	3.227644e-09	2.059942e+01	3.758514e+02
1.450000e-06	2.599567e-09	3.282579e-09	2.130930e+01	3.823707e+02
1.460000e-06	2.685756e-09	3.336964e-09	2.201583e+01	3.884415e+02
1.470000e-06	2.771531e-09	3.391513e-09	2.271895e+01	3.941341e+02
1.480000e-06	2.856869e-09	3.443169e-09	2.341850e+01	3.995087e+02
1.490000e-06	2.941777e-09	3.490822e-09	2.411452e+01	4.046150e+02
1.500000e-06	3.026252e-09	3.532407e-09	2.480699e+01	4.094923e+02
1.510000e-06	3.110227e-09	3.567816e-09	2.549536e+01	4.141705e+02
1.520000e-06	3.193642e-09	3.598727e-09	2.617915e+01	4.186710e+02
1.530000e-06	3.276484e-09	3.629343e-09	2.685824e+01	4.230080e+02
1.540000e-06	3.358770e-09	3.661285e-09	2.753276e+01	4.271901e+02
1.550000e-06	3.440478e-09	3.695189e-09	2.820255e+01	4.312220e+02
1.560000e-06	3.521526e-09	3.732059e-09	2.886693e+01	4.351056e+02
1.570000e-06	3.601866e-09	3.769302e-09	2.952550e+01	4.388419e+02
1.580000e-06	3.681507e-09	3.802797e-09	3.017835e+01	4.424315e+02
1.590000e-06	3.760460e-09	3.830163e-09	3.082556e+01	4.458761e+02
1.600000e-06	3.838711e-09	3.851819e-09	3.146701e+01	4.491786e+02
1.610000e-06	3.916241e-09	3.871849e-09	3.210255e+01	4.523439e+02
1.620000e-06	3.993060e-09	3.893871e-09	3.273226e+01	4.553786e+02
1.630000e-06	4.069130e-09	3.917858e-09	3.335583e+01	4.582907e+02
1.640000e-06	4.144347e-09	3.942601e-09	3.397242e+01	4.610900e+02
1.650000e-06	4.218665e-09	3.967896e-09	3.458163e+01	4.637869e+02
1.660000e-06	4.292130e-09	3.993409e-09	3.518384e+01	4.663922e+02
1.670000e-06	4.364745e-09	4.016690e-09	3.577910e+01	4.689165e+02
1.680000e-06	4.436522e-09	4.035938e-09	3.636747e+01	4.713697e+02
1.690000e-06	4.507527e-09	4.052542e-09	3.694953e+01	4.737609e+02
1.700000e-06	4.577783e-09	4.070045e-09	3.752544e+01	4.760972e+02
1.710000e-06	4.647281e-09	4.089517e-09	3.809515e+01	4.783843e+02
1.720000e-06	4.716043e-09	4.108794e-09	3.865881e+01	4.806262e+02
1.730000e-06	4.784063e-09	4.127103e-09	3.921640e+01	4.828247e+02
1.740000e-06	4.851258e-09	4.145600e-09	3.976722e+01	4.849802e+02
1.750000e-06	4.917529e-09	4.165677e-09	4.031047e+01	4.870915e+02
1.760000e-06	4.982848e-09	4.184862e-09	4.084591e+01	4.891564e+02
1.770000e-06	5.047252e-09	4.200282e-09	4.137385e+01	4.911715e+02
1.780000e-06	5.110809e-09	4.214611e-09	4.189485e+01	4.931334e+02
1.790000e-06	5.173550e-09	4.230716e-09	4.240916e+01	4.950383e+02
1.800000e-06	5.235464e-09	4.247191e-09	4.291669e+01	4.968827e+02
1.810000e-06	5.296568e-09	4.261224e-09	4.341758e+01	4.986639e+02
1.820000e-06	5.356885e-09	4.273004e-09	4.391203e+01	5.003798e+02
1.830000e-06	5.416342e-09	4.284524e-09	4.439942e+01	5.020296e+02
1.840000e-06	5.474758e-09	4.297379e-09	4.487828e+01	5.036134e+02
1.850000e-06	5.532031e-09	4.310609e-09	4.534777e+01	5.051328e+02
1.860000e-06	5.588207e-09	4.323238e-09	4.580826e+01	5.065902e+02
1.870000e-06	5.643408e-09	4.336594e-09	4.626076e+01	5.079892e+02
1.880000e-06	5.697684e-09	4.351516e-09	4.670568e+01	5.093342e+02
1.890000e-06	5.750954e-09	4.365588e-09	4.714236e+01	5.106301e+02
1.900000e-06	5.803105e-09	4.375504e-09	4.756986e+01	5.118821e+02
1.910000e-06	5.853973e-09	4.382053e-09	4.798684e+01	5.130952e+02
1.920000e-06	5.903472e-09	4.389103e-09	4.839260e+01	5.142743e+02
1.930000e-06	5.951722e-09	4.399025e-09	4.878813e+01	5.154234e+02
1.940000e-06	5.998894e-09	4.410694e-09	4.917482e+01	5.165458e+02
1.950000e-06	6.045051e-09	4.422702e-09	4.955319e+01	5.176437e+02
1.960000e-06	6.090207e-09	4.435305e-09	4.992335e+01	5.187181e+02
1.970000e-06	6.134416e-09	4.447847e-09	5.028575e+01	5.197688e+02
1.980000e-06	6.177614e-09	4.457336e-09	5.063985e+01	5.207944e+02
1.990000e-06	6.219553e-09	4.462572e-09	5.098365e+01	5.217928e+02
2.000000e-06	6.260190e-09	4.466430e-09	5.131677e+01	5.227608e+02
2.010000e-06	6.299727e-09	4.472894e-09	5.164087e+01	5.236948e+02
2.020000e-06	6.338252e-09	4.482803e-09	5.195667e+01	5.245911e+02
2.030000e-06	6.375723e-09	4.493055e-09	5.226384e+01	5.254462e+02
2.040000e-06	6.412183e-09	4.501347e-09	5.256272e+01	5.262570e+02
2.050000e-06	6.447651e-09	4.509714e-09	5.285346e+01	5.270213e+02
2.060000e-06	6.481898e-09	4.519225e-09	5.313420e+01	5.277378e+02
2.070000e-06	6.514809e-09	4.528190e-09	5.340398e+01	5.284064e+02
2.080000e-06	6.546568e-09	4.534619e-09	5.366432e+01	5.290284e+02
2.090000e-06	6.577293e-09	4.538939e-09	5.391619e+01	5.296062e+02
2.100000e-06	6.606969e-09	4.544016e-09	5.415945e+01	5.301432e+02
2.110000e-06	6.635611e-09	4.550175e-09	5.439424e+01	5.306437e+02
2.120000e-06	6.663222e-09	4.555531e-09	5.462059e+01	5.311124e+02
2.130000e-06	6.689582e-09	4.559428e-09	5.483667e+01	5.315542e+02
2.140000e-06	6.714520e-09	4.563860e-09	5.504110e+01	5.319738e+02
2.150000e-06	6.738202e-09	4.569999e-09	5.523523e+01	5.323751e+02
2.160000e-06	6.760751e-09	4.577374e-09	5.542007e+01	5.327612e+02
2.170000e-06	6.782173e-09	4.583784e-09	5.559568e+01	5.331339e+02
2.180000e-06	6.802576e-09	4.587163e-09	5.576293e+01	5.334937e+02
2.190000e-06	6.821976e-09	4.590361e-09	5.592197e+01	5.338397e+02
2.200000e-06	6.840163e-09	4.595508e-09	5.607105e+01	5.341696e+02
2.210000e-06	6.857058e-09	4.599769e-09	5.620954e+01	5.344801e+02
2.220000e-06	6.872680e-09	4.601466e-09	5.633761e+01	5.347671e+02
2.230000e-06	6.886994e-09	4.601792e-09	5.645495e+01	5.350261e+02
2.240000e-06	6.900038e-09	4.604359e-09	5.656188e+01	5.352527e+02
2.250000e-06	6.911800e-09	4.609245e-09	5.665829e+01	5.354431e+02
2.260000e-06	6.922061e-09	4.613249e-09	5.674242e+01	5.355943e+02
2.270000e-06	6.930814e-09	4.616129e-09	5.681417e+01	5.357049e+02
2.280000e-06	6.938355e-09	4.619202e-09	5.687599e+01	5.357748e+02
2.290000e-06	6.944739e-09	4.623145e-09	5.692832e+01	5.358058e+02
2.300000e-06	6.949923e-09	4.625815e-09	5.697082e+01	5.358013e+02
2.310000e-06	6.954028e-09	4.626222e-09	5.700447e+01	5.357663e+02
2.320000e-06	6.956953e-09	4.625347e-09	5.702845e+01	5.357070e+02
2.330000e-06	6.958409e-09	4.625246e-09	5.704039e+01	5.356301e+02
2.340000e-06	6.958513e-09	4.626894e-09	5.704125e+01	5.355428e+02
2.350000e-06	6.957514e-09	4.624433e-09	5.703306e+01	5.354516e+02
2.360000e-06	6.955411e-09	4.620083e-09	5.701583e+01	5.353623e+02
2.370000e-06	6.952246e-09	4.622032e-09	5.698989e+01	5.352788e+02
2.380000e-06	6.948108e-09	4.625321e-09	5.695597e+01	5.352032e+02
2.390000e-06	6.942783e-09	4.625413e-09	5.691232e+01	5.351354e+02
2.400000e-06	6.936053e-09	4.625960e-09	5.685715e+01	5.350726e+02
2.410000e-06	6.928164e-09	4.632953e-09	5.679249e+01	5.350098e+02
2.420000e-06	6.919328e-09	4.601230e-09	5.672006e+01	5.349398e+02
2.430000e-06	6.909398e-09	4.526368e-09	5.663866e+01	5.348537e+02
2.440000e-06	6.897846e-09	4.526996e-09	5.654398e+01	5.347415e+02
2.450000e-06	6.884180e-09	4.551010e-09	5.643195e+01	5.345925e+02
2.460000e-06	6.868763e-09	4.596132e-09	5.630558e+01	5.343964e+02
2.470000e-06	6.852389e-09	4.679027e-09	5.617136e+01	5.341439e+02
2.480000e-06	6.835486e-09	4.624306e-09	5.603280e+01	5.338274e+02
2.490000e-06	6.817789e-09	4.600547e-09	5.588773e+01	5.334413e+02
2.500000e-06	6.798873e-09	4.619496e-09	5.573267e+01	5.329827e+02
2.510000e-06	6.778979e-09	4.526962e-09	5.556960e+01	5.324516e+02
2.520000e-06	6.757970e-09	4.541085e-09	5.539738e+01	5.318506e+02
2.530000e-06	6.735347e-09	4.540259e-09	5.521194e+01	5.311851e+02
2.540000e-06	6.711452e-09	4.472536e-09	5.501606e+01	5.304625e+02
2.550000e-06	6.686446e-09	4.528589e-09	5.481109e+01	5.296918e+02
2.560000e-06	6.660273e-09	4.497964e-09	5.459654e+01	5.288830e+02
2.570000e-06	6.633201e-09	4.480063e-09	5.437462e+01	5.280463e+02
2.580000e-06	6.605035e-09	4.515854e-09	5.414375e+01	5.271911e+02
2.590000e-06	6.575543e-09	4.454404e-09	5.390199e+01	5.263257e+02
2.600000e-06	6.544700e-09	4.484012e-09	5.364917e+01	5.254563e+02
2.610000e-06	6.512562e-09	4.459273e-09	5.338573e+01	5.245870e+02
2.620000e-06	6.479367e-09	4.434509e-09	5.311361e+01	5.237192e+02
2.630000e-06	6.445063e-09	4.467520e-09	5.283242e+01	5.228520e+02
2.640000e-06	6.409647e-09	4.417325e-09	5.254210e+01	5.219817e+02
2.650000e-06	6.373182e-09	4.449435e-09	5.224319e+01	5.211030e+02
2.660000e-06	6.335410e-09	4.428541e-09	5.193356e+01	5.202088e+02
2.670000e-06	6.296277e-09	4.431015e-09	5.161278e+01	5.192913e+02
2.680000e-06	6.255919e-09	4.455501e-09	5.128196e+01	5.183424e+02
2.690000e-06	6.214477e-09	4.411015e-09	5.094225e+01	5.173546e+02
2.700000e-06	6.172024e-09	4.438600e-09	5.059424e+01	5.163212e+02
2.710000e-06	6.128575e-09	4.380485e-09	5.023808e+01	5.152374e+02
2.720000e-06	6.084138e-09	4.364045e-09	4.987382e+01	5.141001e+02
2.730000e-06	6.038570e-09	4.348463e-09	4.950029e+01	5.129081e+02
2.740000e-06	5.991893e-09	4.314997e-09	4.911766e+01	5.116625e+02
2.750000e-06	5.944149e-09	4.345344e-09	4.872629e+01	5.103661e+02
2.760000e-06	5.895271e-09	4.327406e-09	4.832563e+01	5.090229e+02
2.770000e-06	5.845270e-09	4.350195e-09	4.791575e+01	5.076382e+02
2.780000e-06	5.794189e-09	4.322820e-09	4.749702e+01	5.062174e+02
2.790000e-06	5.742045e-09	4.302688e-09	4.706959e+01	5.047659e+02
2.800000e-06	5.688717e-09	4.281007e-09	4.663244e+01	5.032882e+02
2.810000e-06	5.634170e-09	4.246859e-09	4.618531e+01	5.017875e+02
2.820000e-06	5.578517e-09	4.250093e-09	4.572911e+01	5.002657e+02
2.830000e-06	5.521891e-09	4.234298e-09	4.526492e+01	4.987228e+02
2.840000e-06	5.464350e-09	4.252295e-09	4.479324e+01	4.971568e+02
2.850000e-06	5.405903e-09	4.239876e-09	4.431414e+01	4.955642e+02
2.860000e-06	5.346614e-09	4.222318e-09	4.382813e+01	4.939401e+02
2.870000e-06	5.286461e-09	4.192338e-09	4.333503e+01	4.922785e+02
2.880000e-06	5.225394e-09	4.164002e-09	4.283445e+01	4.905729e+02
2.890000e-06	5.163341e-09	4.152796e-09	4.232579e+01	4.888168e+02
2.900000e-06	5.100270e-09	4.137291e-09	4.180878e+01	4.870040e+02
2.910000e-06	5.036244e-09	4.135496e-09	4.128394e+01	4.851293e+02
2.920000e-06	4.971366e-09	4.119954e-09	4.075211e+01	4.831886e+02
2.930000e-06	4.905689e-09	4.108519e-09	4.021373e+01	4.811793e+02
2.940000e-06	4.839196e-09	4.084281e-09	3.966867e+01	4.791000e+02
2.950000e-06	4.771891e-09	4.057358e-09	3.911696e+01	4.769509e+02
2.960000e-06	4.703722e-09	4.030672e-09	3.855815e+01	4.747332e+02
2.970000e-06	4.634621e-09	4.013106e-09	3.799171e+01	4.724488e+02
2.980000e-06	4.564579e-09	4.004428e-09	3.741755e+01	4.701002e+02
2.990000e-06	4.493611e-09	3.993576e-09	3.683581e+01	4.676897e+02
3.000000e-06	4.421730e-09	3.978714e-09	3.624658e+01	4.652192e+02
3.010000e-06	4.349040e-09	3.951097e-09	3.565072e+01	4.626896e+02
3.020000e-06	4.275588e-09	3.920532e-09	3.504861e+01	4.601009e+02
3.030000e-06	4.201343e-09	3.890870e-09	3.444000e+01	4.574516e+02
3.040000e-06	4.126289e-09	3.865717e-09	3.382476e+01	4.547391e+02
3.050000e-06	4.050385e-09	3.842831e-09	3.320255e+01	4.519595e+02
3.060000e-06	3.973618e-09	3.823651e-09	3.257327e+01	4.491076e+02
3.070000e-06	3.896041e-09	3.803735e-09	3.193735e+01	4.461780e+02
3.080000e-06	3.817723e-09	3.781036e-09	3.129536e+01	4.431643e+02
3.090000e-06	3.738617e-09	3.751414e-09	3.064690e+01	4.400605e+02
3.100000e-06	3.658730e-09	3.718685e-09	2.999204e+01	4.368609e+02
3.110000e-06	3.578169e-09	3.686759e-09	2.933166e+01	4.335600e+02
3.120000e-06	3.497026e-09	3.658113e-09	2.866650e+01	4.301537e+02
3.130000e-06	3.415341e-09	3.632421e-09	2.799690e+01	4.266381e+02
3.140000e-06	3.333156e-09	3.605881e-09	2.732320e+01	4.230105e+02
3.150000e-06	3.250482e-09	3.576977e-09	2.664549e+01	4.192689e+02
3.160000e-06	3.167308e-09	3.544567e-09	2.596369e+01	4.154113e+02
3.170000e-06	3.083638e-09	3.509407e-09	2.527782e+01	4.114359e+02
3.180000e-06	2.999446e-09	3.472779e-09	2.458767e+01	4.073408e+02
3.190000e-06	2.914742e-09	3.437219e-09	2.389333e+01	4.031230e+02
3.200000e-06	2.829515e-09	3.400892e-09	2.319469e+01	3.987786e+02
3.210000e-06	2.743808e-09	3.363248e-09	2.249213e+01	3.943024e+02
3.220000e-06	2.657709e-09	3.324085e-09	2.178635e+01	3.896877e+02
3.230000e-06	2.571194e-09	3.280721e-09	2.107716e+01	3.849265e+02
3.240000e-06	2.484212e-09	3.234346e-09	2.036414e+01	3.800090e+02
3.250000e-06	2.396744e-09	3.188488e-09	1.964714e+01	3.749245e+02
3.260000e-06	2.308797e-09	3.144781e-09	1.892621e+01	3.696611e+02
3.270000e-06	2.220429e-09	3.103570e-09	1.820182e+01	3.642059e+02
3.280000e-06	2.131678e-09	3.059485e-09	1.747430e+01	3.585458e+02
3.290000e-06	2.042573e-09	3.011855e-09	1.674388e+01	3.526668e+02
3.300000e-06	1.953178e-09	2.960312e-09	1.601108e+01	3.465548e+02
3.310000e-06	1.863530e-09	2.905503e-09	1.527620e+01	3.401949e+02
3.320000e-06	1.773593e-09	2.847535e-09	1.453896e+01	3.335710e+02
3.330000e-06	1.683343e-09	2.785519e-09	1.379915e+01	3.266658e+02
3.340000e-06	1.592808e-09	2.722751e-09	1.305700e+01	3.194596e+02
3.350000e-06	1.502028e-09	2.659219e-09	1.231285e+01	3.119295e+02
3.360000e-06	1.411005e-09	2.594813e-09	1.156671e+01	3.040488e+02
3.370000e-06	1.319708e-09	2.526312e-09	1.081831e+01	2.957861e+02
3.380000e-06	1.228146e-09	2.453074e-09	1.006775e+01	2.871046e+02
3.390000e-06	1.136340e-09	2.375829e-09	9.315186e+00	2.779616e+02
3.400000e-06	1.044289e-09	2.293351e-09	8.560610e+00	2.683083e+02
3.410000e-06	9.520013e-10	2.204246e-09	7.804099e+00	2.580907e+02
3.420000e-06	8.594982e-10	2.109054e-09	7.045820e+00	2.472498e+02
3.430000e-06	7.668171e-10	2.010417e-09	6.286083e+00	2.357233e+02
3.440000e-06	6.739922e-10	1.908458e-09	5.525166e+00	2.234479e+02
3.450000e-06	5.810486e-10	1.799874e-09	4.763277e+00	2.103609e+02
3.460000e-06	4.879964e-10	1.681656e-09	4.000498e+00	1.964042e+02
3.470000e-06	3.948499e-10	1.554316e-09	3.236946e+00	1.815265e+02
3.480000e-06	3.016484e-10	1.419723e-09	2.472944e+00	1.656872e+02
3.490000e-06	2.084171e-10	1.279489e-09	1.708697e+00	1.488597e+02
3.500000e-06	1.151686e-10	1.130769e-09	9.443084e-01	1.310346e+02
3.510000e-06	2.191893e-11	9.709076e-10	1.799107e-01	1.122220e+02
3.520000e-06	-7.131438e-11	7.999831e-10	-5.843531e-01	9.245431e+01
3.530000e-06	-1.645179e-10	6.196124e-10	-1.348372e+00	7.178705e+01
3.540000e-06	-2.576581e-10	4.312474e-10	-2.111873e+00	5.029971e+01
3.550000e-06	-3.507101e-10	2.358988e-10	-2.874651e+00	2.809509e+01
3.560000e-06	-4.436595e-10	3.675858e-11	-3.636587e+00	5.297877e+00
3.570000e-06	-5.364900e-10	-1.618377e-10	-4.397550e+00	-1.794785e+01
3.580000e-06	-6.291694e-10	-3.590915e-10	-5.157274e+00	-4.148204e+01
3.590000e-06	-7.216697e-10	-5.578186e-10	-5.915530e+00	-6.513283e+01
3.600000e-06	-8.139930e-10	-7.577775e-10	-6.672336e+00	-8.872137e+01
3.610000e-06	-9.061186e-10	-9.565949e-10	-7.427521e+00	-1.120670e+02
3.620000e-06	-9.980328e-10	-1.151867e-09	-8.180972e+00	-1.349926e+02
3.630000e-06	-1.089742e-09	-1.343436e-09	-8.932746e+00	-1.573298e+02
3.640000e-06	-1.181233e-09	-1.531259e-09	-9.682724e+00	-1.789241e+02
3.650000e-06	-1.272498e-09	-1.712173e-09	-1.043086e+01	-1.996390e+02
3.660000e-06	-1.363549e-09	-1.883581e-09	-1.117724e+01	-2.193594e+02
3.670000e-06	-1.454380e-09	-2.045893e-09	-1.192181e+01	-2.379950e+02
3.680000e-06	-1.544987e-09	-2.199097e-09	-1.266455e+01	-2.554813e+02
3.690000e-06	-1.635348e-09	-2.344115e-09	-1.340527e+01	-2.717802e+02
3.700000e-06	-1.725452e-09	-2.478804e-09	-1.414388e+01	-2.868799e+02
3.710000e-06	-1.815309e-09	-2.600746e-09	-1.488047e+01	-3.007933e+02
3.720000e-06	-1.904900e-09	-2.711048e-09	-1.561488e+01	-3.135555e+02
3.730000e-06	-1.994202e-09	-2.810373e-09	-1.634692e+01	-3.252208e+02
3.740000e-06	-2.083210e-09	-2.899512e-09	-1.707654e+01	-3.358595e+02
3.750000e-06	-2.171908e-09	-2.978386e-09	-1.780364e+01	-3.455531e+02
3.760000e-06	-2.260267e-09	-3.049916e-09	-1.852795e+01	-3.543913e+02
3.770000e-06	-2.348244e-09	-3.118690e-09	-1.924913e+01	-3.624671e+02
3.780000e-06	-2.435800e-09	-3.183843e-09	-1.996686e+01	-3.698738e+02
3.790000e-06	-2.522886e-09	-3.242682e-09	-2.068073e+01	-3.767013e+02
3.800000e-06	-2.609473e-09	-3.295062e-09	-2.139051e+01	-3.830336e+02
3.810000e-06	-2.695581e-09	-3.346241e-09	-2.209637e+01	-3.889465e+02
3.820000e-06	-2.781229e-09	-3.398829e-09	-2.279845e+01	-3.945063e+02
3.830000e-06	-2.866414e-09	-3.448925e-09	-2.349674e+01	-3.997691e+02
3.840000e-06	-2.951075e-09	-3.494680e-09	-2.419074e+01	-4.047804e+02
3.850000e-06	-3.035141e-09	-3.535995e-09	-2.487985e+01	-4.095758e+02
3.860000e-06	-3.118618e-09	-3.576473e-09	-2.556415e+01	-4.141815e+02
3.870000e-06	-3.201565e-09	-3.616434e-09	-2.624410e+01	-4.186160e+02
3.880000e-06	-3.283991e-09	-3.653473e-09	-2.691977e+01	-4.228909e+02
3.890000e-06	-3.365863e-09	-3.687640e-09	-2.759090e+01	-4.270132e+02
3.900000e-06	-3.447181e-09	-3.721669e-09	-2.825750e+01	-4.309863e+02
3.910000e-06	-3.527965e-09	-3.756950e-09	-2.891972e+01	-4.348115e+02
3.920000e-06	-3.608171e-09	-3.790963e-09	-2.957719e+01	-4.384896e+02
3.930000e-06	-3.687698e-09	-3.821339e-09	-3.022910e+01	-4.420215e+02
3.940000e-06	-3.766454e-09	-3.848900e-09	-3.087470e+01	-4.454094e+02
3.950000e-06	-3.844406e-09	-3.876933e-09	-3.151369e+01	-4.486570e+02
3.960000e-06	-3.921535e-09	-3.906230e-09	-3.214594e+01	-4.517698e+02
3.970000e-06	-3.997776e-09	-3.934121e-09	-3.277092e+01	-4.547550e+02
3.980000e-06	-4.073136e-09	-3.958501e-09	-3.338867e+01	-4.576213e+02
3.990000e-06	-4.147699e-09	-3.980780e-09	-3.399989e+01	-4.603789e+02
4.000000e-06	-4.221525e-09	-4.004135e-09	-3.460507e+01	-4.630383e+02
4.010000e-06	-4.294654e-09	-4.028949e-09	-3.520453e+01	-4.656104e+02
4.020000e-06	-4.367109e-09	-4.052153e-09	-3.579847e+01	-4.681057e+02
4.030000e-06	-4.438842e-09	-4.073303e-09	-3.638649e+01	-4.705335e+02
4.040000e-06	-4.509751e-09	-4.094448e-09	-3.696776e+01	-4.729024e+02
4.050000e-06	-4.579789e-09	-4.115975e-09	-3.754189e+01	-4.752188e+02
4.060000e-06	-4.648953e-09	-4.135993e-09	-3.810885e+01	-4.774879e+02
4.070000e-06	-4.717238e-09	-4.153253e-09	-3.866861e+01	-4.797127e+02
4.080000e-06	-4.784691e-09	-4.171268e-09	-3.922154e+01	-4.818944e+02
4.090000e-06	-4.851384e-09	-4.190287e-09	-3.976825e+01	-4.840329e+02
4.100000e-06	-4.917308e-09	-4.209142e-09	-4.030866e+01	-4.861264e+02
4.110000e-06	-4.982440e-09	-4.226357e-09	-4.084256e+01	-4.881722e+02
4.120000e-06	-5.046803e-09	-4.241272e-09	-4.137017e+01	-4.901669e+02
4.130000e-06	-5.110303e-09	-4.256133e-09	-4.189071e+01	-4.921068e+02
4.140000e-06	-5.172809e-09	-4.271273e-09	-4.240309e+01	-4.939884e+02
4.150000e-06	-5.234286e-09	-4.287699e-09	-4.290704e+01	-4.958082e+02
4.160000e-06	-5.294790e-09	-4.304508e-09	-4.340301e+01	-4.975639e+02
4.170000e-06	-5.354398e-09	-4.320079e-09	-4.389164e+01	-4.992539e+02
4.180000e-06	-5.413130e-09	-4.334181e-09	-4.437309e+01	-5.008777e+02
4.190000e-06	-5.470957e-09	-4.347419e-09	-4.484712e+01	-5.024359e+02
4.200000e-06	-5.527861e-09	-4.358632e-09	-4.531358e+01	-5.039306e+02
4.210000e-06	-5.583849e-09	-4.367262e-09	-4.577254e+01	-5.053646e+02
4.220000e-06	-5.638787e-09	-4.375544e-09	-4.622289e+01	-5.067419e+02
4.230000e-06	-5.692482e-09	-4.385333e-09	-4.666304e+01	-5.080671e+02
4.240000e-06	-5.744919e-09	-4.397306e-09	-4.709289e+01	-5.093452e+02
4.250000e-06	-5.796208e-09	-4.409743e-09	-4.751332e+01	-5.105814e+02
4.260000e-06	-5.846347e-09	-4.422140e-09	-4.792434e+01	-5.117807e+02
4.270000e-06	-5.895198e-09	-4.434429e-09	-4.832478e+01	-5.129477e+02
4.280000e-06	-5.942744e-09	-4.445047e-09	-4.871453e+01	-5.140862e+02
4.290000e-06	-5.989152e-09	-4.452996e-09	-4.909496e+01	-5.151990e+02
4.300000e-06	-6.034562e-09	-4.458482e-09	-4.946720e+01	-5.162877e+02
4.310000e-06	-6.079042e-09	-4.464927e-09	-4.983182e+01	-5.173531e+02
4.320000e-06	-6.122639e-09	-4.473571e-09	-5.018921e+01	-5.183944e+02
4.330000e-06	-6.165306e-09	-4.482581e-09	-5.053896e+01	-5.194098e+02
4.340000e-06	-6.206951e-09	-4.491136e-09	-5.088034e+01	-5.203968e+02
4.350000e-06	-6.247593e-09	-4.499183e-09	-5.121350e+01	-5.213520e+02
4.360000e-06	-6.287271e-09	-4.506568e-09	-5.153876e+01	-5.222718e+02
4.370000e-06	-6.325767e-09	-4.512392e-09	-5.185432e+01	-5.231524e+02
4.380000e-06	-6.362909e-09	-4.515929e-09	-5.215879e+01	-5.239905e+02
4.390000e-06	-6.398904e-09	-4.519770e-09	-5.245386e+01	-5.247833e+02
4.400000e-06	-6.433892e-09	-4.524881e-09	-5.274067e+01	-5.255289e+02
4.410000e-06	-6.467800e-09	-4.530401e-09	-5.301863e+01	-5.262266e+02
4.420000e-06	-6.500642e-09	-4.535717e-09	-5.328785e+01	-5.268768e+02
4.430000e-06	-6.532465e-09	-4.540269e-09	-5.354871e+01	-5.274812e+02
4.440000e-06	-6.563074e-09	-4.544503e-09	-5.379963e+01	-5.280426e+02
4.450000e-06	-6.592308e-09	-4.548818e-09	-5.403927e+01	-5.285649e+02
4.460000e-06	-6.620354e-09	-4.553467e-09	-5.426918e+01	-5.290525e+02
4.470000e-06	-6.647344e-09	-4.556995e-09	-5.449042e+01	-5.295102e+02
4.480000e-06	-6.673177e-09	-4.559725e-09	-5.470219e+01	-5.299430e+02
4.490000e-06	-6.697895e-09	-4.561934e-09	-5.490482e+01	-5.303552e+02
4.500000e-06	-6.721628e-09	-4.563040e-09	-5.509937e+01	-5.307504e+02
4.510000e-06	-6.744136e-09	-4.563683e-09	-5.528388e+01	-5.311314e+02
4.520000e-06	-6.765207e-09	-4.563787e-09	-5.545661e+01	-5.314993e+02
4.530000e-06	-6.785076e-09	-4.563426e-09	-5.561948e+01	-5.318541e+02
4.540000e-06	-6.803869e-09	-4.563471e-09	-5.577353e+01	-5.321943e+02
4.550000e-06	-6.821509e-09	-4.565637e-09	-5.591814e+01	-5.325173e+02
4.560000e-06	-6.838049e-09	-4.569436e-09	-5.605373e+01	-5.328192e+02
4.570000e-06	-6.853434e-09	-4.573179e-09	-5.617985e+01	-5.330959e+02
4.580000e-06	-6.867329e-09	-4.575752e-09	-5.629375e+01	-5.333429e+02
4.590000e-06	-6.879693e-09	-4.575930e-09	-5.639511e+01	-5.335558e+02
4.600000e-06	-6.890742e-09	-4.575363e-09	-5.648568e+01	-5.337312e+02
4.610000e-06	-6.900551e-09	-4.574031e-09	-5.656609e+01	-5.338666e+02
4.620000e-06	-6.909211e-09	-4.571205e-09	-5.663708e+01	-5.339612e+02
4.630000e-06	-6.916781e-09	-4.567375e-09	-5.669914e+01	-5.340156e+02
4.640000e-06	-6.923007e-09	-4.565213e-09	-5.675018e+01	-5.340323e+02
4.650000e-06	-6.927787e-09	-4.565832e-09	-5.678937e+01	-5.340153e+02
4.660000e-06	-6.931379e-09	-4.566486e-09	-5.681882e+01	-5.339702e+02
4.670000e-06	-6.933867e-09	-4.566600e-09	-5.683921e+01	-5.339034e+02
4.680000e-06	-6.935171e-09	-4.563754e-09	-5.684991e+01	-5.338218e+02
4.690000e-06	-6.935391e-09	-4.560347e-09	-5.685171e+01	-5.337326e+02
