# Temperatura_=_20.0
# Concentracion g/m^3_=_13500.0
# C_Vs_to_Am_M_A/Vsm_=_116720831517.84952
# pendiente_HvsI_1/m_=_3716.3
# ordenada_HvsI_A/m_=_1297.0
# frecuencia_Hz_=_81280.38721639532
# Promedio de 25 ciclos

Tiempo_(s)	Campo_(V.s)	Magnetizacion_(V.s)	Campo_(kA/m)	Magnetizacion_(A/m)
0.000000e+00	-6.269354e-09	-5.040113e-09	-5.701013e+01	-5.970134e+02
1.000000e-08	-6.269382e-09	-5.043276e-09	-5.701038e+01	-5.971205e+02
2.000000e-08	-6.269276e-09	-5.043817e-09	-5.700942e+01	-5.972234e+02
3.000000e-08	-6.269054e-09	-5.041570e-09	-5.700741e+01	-5.973218e+02
4.000000e-08	-6.268672e-09	-5.039717e-09	-5.700394e+01	-5.974153e+02
5.000000e-08	-6.268088e-09	-5.041526e-09	-5.699863e+01	-5.975036e+02
6.000000e-08	-6.267310e-09	-5.044620e-09	-5.699155e+01	-5.975862e+02
7.000000e-08	-6.266369e-09	-5.045977e-09	-5.698299e+01	-5.976627e+02
8.000000e-08	-6.265262e-09	-5.048568e-09	-5.697292e+01	-5.977329e+02
9.000000e-08	-6.263929e-09	-5.048907e-09	-5.696080e+01	-5.977964e+02
1.000000e-07	-6.262329e-09	-5.068329e-09	-5.694625e+01	-5.978527e+02
1.100000e-07	-6.260537e-09	-5.111200e-09	-5.692996e+01	-5.979016e+02
1.200000e-07	-6.258705e-09	-5.117870e-09	-5.691330e+01	-5.979427e+02
1.300000e-07	-6.256889e-09	-5.108146e-09	-5.689678e+01	-5.979757e+02
1.400000e-07	-6.254961e-09	-5.131347e-09	-5.687925e+01	-5.980002e+02
1.500000e-07	-6.252788e-09	-5.115299e-09	-5.685950e+01	-5.980161e+02
1.600000e-07	-6.250388e-09	-5.074819e-09	-5.683767e+01	-5.980231e+02
1.700000e-07	-6.247811e-09	-5.076389e-09	-5.681424e+01	-5.980209e+02
1.800000e-07	-6.245032e-09	-5.082621e-09	-5.678897e+01	-5.980094e+02
1.900000e-07	-6.242032e-09	-5.087327e-09	-5.676169e+01	-5.979882e+02
2.000000e-07	-6.238843e-09	-5.103618e-09	-5.673268e+01	-5.979574e+02
2.100000e-07	-6.235478e-09	-5.112264e-09	-5.670209e+01	-5.979168e+02
2.200000e-07	-6.231951e-09	-5.117667e-09	-5.667002e+01	-5.978663e+02
2.300000e-07	-6.228264e-09	-5.103238e-09	-5.663649e+01	-5.978058e+02
2.400000e-07	-6.224392e-09	-5.086834e-09	-5.660128e+01	-5.977353e+02
2.500000e-07	-6.220351e-09	-5.093035e-09	-5.656454e+01	-5.976549e+02
2.600000e-07	-6.216188e-09	-5.088623e-09	-5.652668e+01	-5.975645e+02
2.700000e-07	-6.211909e-09	-5.085230e-09	-5.648777e+01	-5.974643e+02
2.800000e-07	-6.207476e-09	-5.100255e-09	-5.644746e+01	-5.973543e+02
2.900000e-07	-6.202879e-09	-5.112018e-09	-5.640565e+01	-5.972346e+02
3.000000e-07	-6.198145e-09	-5.095380e-09	-5.636260e+01	-5.971055e+02
3.100000e-07	-6.193272e-09	-5.085740e-09	-5.631830e+01	-5.969671e+02
3.200000e-07	-6.188225e-09	-5.090246e-09	-5.627240e+01	-5.968197e+02
3.300000e-07	-6.182982e-09	-5.084438e-09	-5.622472e+01	-5.966634e+02
3.400000e-07	-6.177569e-09	-5.084479e-09	-5.617550e+01	-5.964985e+02
3.500000e-07	-6.171995e-09	-5.089904e-09	-5.612481e+01	-5.963252e+02
3.600000e-07	-6.166262e-09	-5.088444e-09	-5.607268e+01	-5.961440e+02
3.700000e-07	-6.160385e-09	-5.078848e-09	-5.601924e+01	-5.959551e+02
3.800000e-07	-6.154359e-09	-5.075889e-09	-5.596444e+01	-5.957587e+02
3.900000e-07	-6.148171e-09	-5.075440e-09	-5.590817e+01	-5.955553e+02
4.000000e-07	-6.141820e-09	-5.071015e-09	-5.585042e+01	-5.953451e+02
4.100000e-07	-6.135320e-09	-5.074206e-09	-5.579131e+01	-5.951285e+02
4.200000e-07	-6.128682e-09	-5.077254e-09	-5.573095e+01	-5.949058e+02
4.300000e-07	-6.121903e-09	-5.076123e-09	-5.566931e+01	-5.946774e+02
4.400000e-07	-6.114952e-09	-5.071044e-09	-5.560610e+01	-5.944435e+02
4.500000e-07	-6.107801e-09	-5.066634e-09	-5.554107e+01	-5.942046e+02
4.600000e-07	-6.100468e-09	-5.060898e-09	-5.547439e+01	-5.939609e+02
4.700000e-07	-6.092984e-09	-5.058395e-09	-5.540633e+01	-5.937126e+02
4.800000e-07	-6.085352e-09	-5.060003e-09	-5.533693e+01	-5.934602e+02
4.900000e-07	-6.077561e-09	-5.059145e-09	-5.526608e+01	-5.932037e+02
5.000000e-07	-6.069620e-09	-5.059759e-09	-5.519387e+01	-5.929436e+02
5.100000e-07	-6.061541e-09	-5.057842e-09	-5.512041e+01	-5.926799e+02
5.200000e-07	-6.053329e-09	-5.053743e-09	-5.504573e+01	-5.924130e+02
5.300000e-07	-6.044963e-09	-5.048747e-09	-5.496966e+01	-5.921429e+02
5.400000e-07	-6.036397e-09	-5.046344e-09	-5.489176e+01	-5.918697e+02
5.500000e-07	-6.027619e-09	-5.043839e-09	-5.481194e+01	-5.915937e+02
5.600000e-07	-6.018662e-09	-5.042180e-09	-5.473049e+01	-5.913149e+02
5.700000e-07	-6.009564e-09	-5.042183e-09	-5.464776e+01	-5.910334e+02
5.800000e-07	-6.000327e-09	-5.040793e-09	-5.456376e+01	-5.907491e+02
5.900000e-07	-5.990940e-09	-5.040399e-09	-5.447840e+01	-5.904621e+02
6.000000e-07	-5.981407e-09	-5.036258e-09	-5.439171e+01	-5.901723e+02
6.100000e-07	-5.971723e-09	-5.031536e-09	-5.430366e+01	-5.898797e+02
6.200000e-07	-5.961873e-09	-5.028615e-09	-5.421408e+01	-5.895842e+02
6.300000e-07	-5.951827e-09	-5.028456e-09	-5.412273e+01	-5.892857e+02
6.400000e-07	-5.941570e-09	-5.029345e-09	-5.402946e+01	-5.889840e+02
6.500000e-07	-5.931110e-09	-5.028283e-09	-5.393435e+01	-5.886789e+02
6.600000e-07	-5.920469e-09	-5.024833e-09	-5.383758e+01	-5.883703e+02
6.700000e-07	-5.909663e-09	-5.018416e-09	-5.373932e+01	-5.880580e+02
6.800000e-07	-5.898698e-09	-5.014155e-09	-5.363961e+01	-5.877417e+02
6.900000e-07	-5.887582e-09	-5.010960e-09	-5.353853e+01	-5.874211e+02
7.000000e-07	-5.876326e-09	-5.008469e-09	-5.343617e+01	-5.870961e+02
7.100000e-07	-5.864933e-09	-5.006985e-09	-5.333257e+01	-5.867663e+02
7.200000e-07	-5.853392e-09	-5.006716e-09	-5.322762e+01	-5.864314e+02
7.300000e-07	-5.841689e-09	-5.006099e-09	-5.312120e+01	-5.860913e+02
7.400000e-07	-5.829814e-09	-5.002374e-09	-5.301322e+01	-5.857455e+02
7.500000e-07	-5.817773e-09	-4.995666e-09	-5.290372e+01	-5.853937e+02
7.600000e-07	-5.805581e-09	-4.988414e-09	-5.279286e+01	-5.850358e+02
7.700000e-07	-5.793250e-09	-4.986017e-09	-5.268073e+01	-5.846714e+02
7.800000e-07	-5.780778e-09	-4.983594e-09	-5.256731e+01	-5.843002e+02
7.900000e-07	-5.768160e-09	-4.980753e-09	-5.245257e+01	-5.839219e+02
8.000000e-07	-5.755403e-09	-4.980123e-09	-5.233656e+01	-5.835364e+02
8.100000e-07	-5.742506e-09	-4.979999e-09	-5.221928e+01	-5.831433e+02
8.200000e-07	-5.729459e-09	-4.977481e-09	-5.210064e+01	-5.827425e+02
8.300000e-07	-5.716253e-09	-4.969075e-09	-5.198055e+01	-5.823338e+02
8.400000e-07	-5.702886e-09	-4.958452e-09	-5.185900e+01	-5.819169e+02
8.500000e-07	-5.689361e-09	-4.948567e-09	-5.173602e+01	-5.814918e+02
8.600000e-07	-5.675678e-09	-4.943430e-09	-5.161159e+01	-5.810583e+02
8.700000e-07	-5.661859e-09	-4.940680e-09	-5.148593e+01	-5.806162e+02
8.800000e-07	-5.647919e-09	-4.938151e-09	-5.135916e+01	-5.801657e+02
8.900000e-07	-5.633852e-09	-4.938493e-09	-5.123125e+01	-5.797065e+02
9.000000e-07	-5.619644e-09	-4.938751e-09	-5.110205e+01	-5.792387e+02
9.100000e-07	-5.605294e-09	-4.935745e-09	-5.097156e+01	-5.787624e+02
9.200000e-07	-5.590802e-09	-4.928261e-09	-5.083978e+01	-5.782775e+02
9.300000e-07	-5.576153e-09	-4.918586e-09	-5.070657e+01	-5.777842e+02
9.400000e-07	-5.561344e-09	-4.908443e-09	-5.057190e+01	-5.772826e+02
9.500000e-07	-5.546366e-09	-4.898937e-09	-5.043570e+01	-5.767728e+02
9.600000e-07	-5.531213e-09	-4.891303e-09	-5.029791e+01	-5.762550e+02
9.700000e-07	-5.515890e-09	-4.887224e-09	-5.015857e+01	-5.757294e+02
9.800000e-07	-5.500409e-09	-4.888510e-09	-5.001779e+01	-5.751963e+02
9.900000e-07	-5.484775e-09	-4.891992e-09	-4.987562e+01	-5.746558e+02
1.000000e-06	-5.468989e-09	-4.893394e-09	-4.973207e+01	-5.741084e+02
1.010000e-06	-5.453047e-09	-4.890185e-09	-4.958711e+01	-5.735541e+02
1.020000e-06	-5.436948e-09	-4.884148e-09	-4.944071e+01	-5.729935e+02
1.030000e-06	-5.420696e-09	-4.877297e-09	-4.929293e+01	-5.724267e+02
1.040000e-06	-5.404289e-09	-4.868204e-09	-4.914373e+01	-5.718542e+02
1.050000e-06	-5.387735e-09	-4.857935e-09	-4.899319e+01	-5.712763e+02
1.060000e-06	-5.371051e-09	-4.849697e-09	-4.884148e+01	-5.706933e+02
1.070000e-06	-5.354244e-09	-4.846123e-09	-4.868865e+01	-5.701056e+02
1.080000e-06	-5.337312e-09	-4.846856e-09	-4.853468e+01	-5.695136e+02
1.090000e-06	-5.320260e-09	-4.848908e-09	-4.837962e+01	-5.689176e+02
1.100000e-06	-5.303090e-09	-4.848060e-09	-4.822348e+01	-5.683179e+02
1.110000e-06	-5.285805e-09	-4.842317e-09	-4.806630e+01	-5.677150e+02
1.120000e-06	-5.268401e-09	-4.832883e-09	-4.790804e+01	-5.671090e+02
1.130000e-06	-5.250872e-09	-4.822009e-09	-4.774863e+01	-5.665004e+02
1.140000e-06	-5.233214e-09	-4.810067e-09	-4.758807e+01	-5.658894e+02
1.150000e-06	-5.215430e-09	-4.799360e-09	-4.742635e+01	-5.652763e+02
1.160000e-06	-5.197512e-09	-4.794454e-09	-4.726341e+01	-5.646612e+02
1.170000e-06	-5.179449e-09	-4.795386e-09	-4.709916e+01	-5.640445e+02
1.180000e-06	-5.161243e-09	-4.798740e-09	-4.693361e+01	-5.634264e+02
1.190000e-06	-5.142890e-09	-4.799577e-09	-4.676671e+01	-5.628068e+02
1.200000e-06	-5.124386e-09	-4.796039e-09	-4.659845e+01	-5.621861e+02
1.210000e-06	-5.105748e-09	-4.789725e-09	-4.642896e+01	-5.615642e+02
1.220000e-06	-5.086979e-09	-4.783434e-09	-4.625829e+01	-5.609412e+02
1.230000e-06	-5.068088e-09	-4.776161e-09	-4.608650e+01	-5.603171e+02
1.240000e-06	-5.049079e-09	-4.766603e-09	-4.591364e+01	-5.596919e+02
1.250000e-06	-5.029946e-09	-4.758869e-09	-4.573966e+01	-5.590654e+02
1.260000e-06	-5.010686e-09	-4.755167e-09	-4.556452e+01	-5.584377e+02
1.270000e-06	-4.991297e-09	-4.754142e-09	-4.538820e+01	-5.578085e+02
1.280000e-06	-4.971780e-09	-4.751277e-09	-4.521073e+01	-5.571776e+02
1.290000e-06	-4.952130e-09	-4.746183e-09	-4.503205e+01	-5.565448e+02
1.300000e-06	-4.932348e-09	-4.741520e-09	-4.485215e+01	-5.559099e+02
1.310000e-06	-4.912427e-09	-4.736015e-09	-4.467101e+01	-5.552725e+02
1.320000e-06	-4.892364e-09	-4.727769e-09	-4.448857e+01	-5.546323e+02
1.330000e-06	-4.872168e-09	-4.716799e-09	-4.430492e+01	-5.539889e+02
1.340000e-06	-4.851846e-09	-4.707417e-09	-4.412012e+01	-5.533420e+02
1.350000e-06	-4.831406e-09	-4.701821e-09	-4.393425e+01	-5.526911e+02
1.360000e-06	-4.810855e-09	-4.697905e-09	-4.374736e+01	-5.520358e+02
1.370000e-06	-4.790186e-09	-4.692930e-09	-4.355941e+01	-5.513755e+02
1.380000e-06	-4.769394e-09	-4.686478e-09	-4.337034e+01	-5.507099e+02
1.390000e-06	-4.748481e-09	-4.682074e-09	-4.318017e+01	-5.500383e+02
1.400000e-06	-4.727448e-09	-4.678123e-09	-4.298890e+01	-5.493604e+02
1.410000e-06	-4.706287e-09	-4.670553e-09	-4.279648e+01	-5.486755e+02
1.420000e-06	-4.685002e-09	-4.658666e-09	-4.260292e+01	-5.479831e+02
1.430000e-06	-4.663596e-09	-4.647025e-09	-4.240827e+01	-5.472828e+02
1.440000e-06	-4.642063e-09	-4.638571e-09	-4.221247e+01	-5.465740e+02
1.450000e-06	-4.620395e-09	-4.629614e-09	-4.201543e+01	-5.458561e+02
1.460000e-06	-4.598595e-09	-4.620244e-09	-4.181719e+01	-5.451287e+02
1.470000e-06	-4.576680e-09	-4.612670e-09	-4.161791e+01	-5.443912e+02
1.480000e-06	-4.554661e-09	-4.607876e-09	-4.141768e+01	-5.436433e+02
1.490000e-06	-4.532535e-09	-4.603021e-09	-4.121648e+01	-5.428844e+02
1.500000e-06	-4.510293e-09	-4.595886e-09	-4.101422e+01	-5.421142e+02
1.510000e-06	-4.487936e-09	-4.588725e-09	-4.081092e+01	-5.413321e+02
1.520000e-06	-4.465469e-09	-4.582901e-09	-4.060661e+01	-5.405379e+02
1.530000e-06	-4.442889e-09	-4.576856e-09	-4.040129e+01	-5.397312e+02
1.540000e-06	-4.420195e-09	-4.568653e-09	-4.019492e+01	-5.389116e+02
1.550000e-06	-4.397374e-09	-4.559443e-09	-3.998740e+01	-5.380790e+02
1.560000e-06	-4.374424e-09	-4.551153e-09	-3.977870e+01	-5.372331e+02
1.570000e-06	-4.351360e-09	-4.544117e-09	-3.956897e+01	-5.363736e+02
1.580000e-06	-4.328172e-09	-4.537577e-09	-3.935812e+01	-5.355005e+02
1.590000e-06	-4.304848e-09	-4.530624e-09	-3.914602e+01	-5.346136e+02
1.600000e-06	-4.281392e-09	-4.522298e-09	-3.893272e+01	-5.337128e+02
1.610000e-06	-4.257816e-09	-4.513425e-09	-3.871833e+01	-5.327981e+02
1.620000e-06	-4.234133e-09	-4.504079e-09	-3.850297e+01	-5.318696e+02
1.630000e-06	-4.210344e-09	-4.494174e-09	-3.828665e+01	-5.309271e+02
1.640000e-06	-4.186445e-09	-4.486933e-09	-3.806933e+01	-5.299708e+02
1.650000e-06	-4.162439e-09	-4.482033e-09	-3.785103e+01	-5.290009e+02
1.660000e-06	-4.138327e-09	-4.476077e-09	-3.763177e+01	-5.280174e+02
1.670000e-06	-4.114113e-09	-4.469498e-09	-3.741158e+01	-5.270206e+02
1.680000e-06	-4.089793e-09	-4.463578e-09	-3.719042e+01	-5.260105e+02
1.690000e-06	-4.065362e-09	-4.456547e-09	-3.696826e+01	-5.249875e+02
1.700000e-06	-4.040832e-09	-4.446663e-09	-3.674520e+01	-5.239518e+02
1.710000e-06	-4.016201e-09	-4.435236e-09	-3.652122e+01	-5.229037e+02
1.720000e-06	-3.991465e-09	-4.424522e-09	-3.629628e+01	-5.218434e+02
1.730000e-06	-3.966614e-09	-4.415676e-09	-3.607030e+01	-5.207712e+02
1.740000e-06	-3.941650e-09	-4.407577e-09	-3.584330e+01	-5.196874e+02
1.750000e-06	-3.916582e-09	-4.398285e-09	-3.561533e+01	-5.185922e+02
1.760000e-06	-3.891413e-09	-4.389147e-09	-3.538646e+01	-5.174861e+02
1.770000e-06	-3.866146e-09	-4.380919e-09	-3.515670e+01	-5.163691e+02
1.780000e-06	-3.840784e-09	-4.371825e-09	-3.492607e+01	-5.152417e+02
1.790000e-06	-3.815330e-09	-4.361314e-09	-3.469461e+01	-5.141041e+02
1.800000e-06	-3.789783e-09	-4.350936e-09	-3.446230e+01	-5.129564e+02
1.810000e-06	-3.764143e-09	-4.341948e-09	-3.422914e+01	-5.117988e+02
1.820000e-06	-3.738411e-09	-4.333820e-09	-3.399515e+01	-5.106316e+02
1.830000e-06	-3.712584e-09	-4.326013e-09	-3.376029e+01	-5.094549e+02
1.840000e-06	-3.686662e-09	-4.318368e-09	-3.352457e+01	-5.082687e+02
1.850000e-06	-3.660647e-09	-4.310356e-09	-3.328800e+01	-5.070731e+02
1.860000e-06	-3.634530e-09	-4.301136e-09	-3.305051e+01	-5.058682e+02
1.870000e-06	-3.608314e-09	-4.290159e-09	-3.281211e+01	-5.046538e+02
1.880000e-06	-3.582004e-09	-4.277785e-09	-3.257287e+01	-5.034299e+02
1.890000e-06	-3.555599e-09	-4.265422e-09	-3.233275e+01	-5.021964e+02
1.900000e-06	-3.529090e-09	-4.254692e-09	-3.209169e+01	-5.009529e+02
1.910000e-06	-3.502486e-09	-4.246324e-09	-3.184977e+01	-4.996994e+02
1.920000e-06	-3.475797e-09	-4.238282e-09	-3.160708e+01	-4.984354e+02
1.930000e-06	-3.449019e-09	-4.230075e-09	-3.136357e+01	-4.971607e+02
1.940000e-06	-3.422152e-09	-4.221055e-09	-3.111926e+01	-4.958746e+02
1.950000e-06	-3.395204e-09	-4.211129e-09	-3.087421e+01	-4.945769e+02
1.960000e-06	-3.368177e-09	-4.201029e-09	-3.062844e+01	-4.932669e+02
1.970000e-06	-3.341068e-09	-4.189574e-09	-3.038192e+01	-4.919440e+02
1.980000e-06	-3.313875e-09	-4.178147e-09	-3.013465e+01	-4.906076e+02
1.990000e-06	-3.286598e-09	-4.166921e-09	-2.988660e+01	-4.892570e+02
2.000000e-06	-3.259237e-09	-4.155716e-09	-2.963780e+01	-4.878914e+02
2.010000e-06	-3.231781e-09	-4.145782e-09	-2.938813e+01	-4.865100e+02
2.020000e-06	-3.204224e-09	-4.135872e-09	-2.913754e+01	-4.851120e+02
2.030000e-06	-3.176576e-09	-4.124300e-09	-2.888613e+01	-4.836966e+02
2.040000e-06	-3.148845e-09	-4.110965e-09	-2.863396e+01	-4.822627e+02
2.050000e-06	-3.121027e-09	-4.096309e-09	-2.838100e+01	-4.808095e+02
2.060000e-06	-3.093118e-09	-4.081621e-09	-2.812721e+01	-4.793360e+02
2.070000e-06	-3.065127e-09	-4.068019e-09	-2.787267e+01	-4.778412e+02
2.080000e-06	-3.037049e-09	-4.052630e-09	-2.761734e+01	-4.763241e+02
2.090000e-06	-3.008879e-09	-4.034632e-09	-2.736118e+01	-4.747838e+02
2.100000e-06	-2.980623e-09	-4.019968e-09	-2.710424e+01	-4.732192e+02
2.110000e-06	-2.952283e-09	-4.010016e-09	-2.684653e+01	-4.716294e+02
2.120000e-06	-2.923855e-09	-3.999732e-09	-2.658802e+01	-4.700132e+02
2.130000e-06	-2.895344e-09	-3.987290e-09	-2.632876e+01	-4.683699e+02
2.140000e-06	-2.866755e-09	-3.974713e-09	-2.606878e+01	-4.666984e+02
2.150000e-06	-2.838085e-09	-3.962143e-09	-2.580807e+01	-4.649978e+02
2.160000e-06	-2.809330e-09	-3.948029e-09	-2.554659e+01	-4.632673e+02
2.170000e-06	-2.780496e-09	-3.930370e-09	-2.528439e+01	-4.615059e+02
2.180000e-06	-2.751595e-09	-3.909958e-09	-2.502158e+01	-4.597129e+02
2.190000e-06	-2.722617e-09	-3.891118e-09	-2.475807e+01	-4.578876e+02
2.200000e-06	-2.693568e-09	-3.874900e-09	-2.449391e+01	-4.560292e+02
2.210000e-06	-2.664455e-09	-3.858776e-09	-2.422918e+01	-4.541371e+02
2.220000e-06	-2.635277e-09	-3.842347e-09	-2.396385e+01	-4.522107e+02
2.230000e-06	-2.606032e-09	-3.827528e-09	-2.369791e+01	-4.502495e+02
2.240000e-06	-2.576719e-09	-3.811942e-09	-2.343135e+01	-4.482531e+02
2.250000e-06	-2.547343e-09	-3.791425e-09	-2.316422e+01	-4.462210e+02
2.260000e-06	-2.517902e-09	-3.766608e-09	-2.289651e+01	-4.441530e+02
2.270000e-06	-2.488395e-09	-3.742248e-09	-2.262818e+01	-4.420488e+02
2.280000e-06	-2.458828e-09	-3.722437e-09	-2.235931e+01	-4.399082e+02
2.290000e-06	-2.429206e-09	-3.704806e-09	-2.208995e+01	-4.377312e+02
2.300000e-06	-2.399528e-09	-3.689179e-09	-2.182007e+01	-4.355176e+02
2.310000e-06	-2.369792e-09	-3.676154e-09	-2.154967e+01	-4.332676e+02
2.320000e-06	-2.340003e-09	-3.663692e-09	-2.127879e+01	-4.309811e+02
2.330000e-06	-2.310160e-09	-3.649026e-09	-2.100741e+01	-4.286584e+02
2.340000e-06	-2.280262e-09	-3.626427e-09	-2.073553e+01	-4.262996e+02
2.350000e-06	-2.250313e-09	-3.597655e-09	-2.046319e+01	-4.239050e+02
2.360000e-06	-2.220313e-09	-3.566674e-09	-2.019039e+01	-4.214749e+02
2.370000e-06	-2.190257e-09	-3.538216e-09	-1.991707e+01	-4.190096e+02
2.380000e-06	-2.160145e-09	-3.515453e-09	-1.964326e+01	-4.165095e+02
2.390000e-06	-2.129982e-09	-3.495396e-09	-1.936896e+01	-4.139749e+02
2.400000e-06	-2.099770e-09	-3.477804e-09	-1.909423e+01	-4.114062e+02
2.410000e-06	-2.069512e-09	-3.459363e-09	-1.881909e+01	-4.088039e+02
2.420000e-06	-2.039200e-09	-3.438248e-09	-1.854344e+01	-4.061683e+02
2.430000e-06	-2.008833e-09	-3.414593e-09	-1.826731e+01	-4.034998e+02
2.440000e-06	-1.978416e-09	-3.389421e-09	-1.799071e+01	-4.007988e+02
2.450000e-06	-1.947950e-09	-3.365716e-09	-1.771367e+01	-3.980656e+02
2.460000e-06	-1.917432e-09	-3.343133e-09	-1.743615e+01	-3.953005e+02
2.470000e-06	-1.886860e-09	-3.320799e-09	-1.715815e+01	-3.925037e+02
2.480000e-06	-1.856235e-09	-3.296618e-09	-1.687966e+01	-3.896754e+02
2.490000e-06	-1.825555e-09	-3.271938e-09	-1.660067e+01	-3.868157e+02
2.500000e-06	-1.794824e-09	-3.246753e-09	-1.632123e+01	-3.839245e+02
2.510000e-06	-1.764049e-09	-3.220586e-09	-1.604137e+01	-3.810019e+02
2.520000e-06	-1.733226e-09	-3.195980e-09	-1.576108e+01	-3.780476e+02
2.530000e-06	-1.702354e-09	-3.173136e-09	-1.548035e+01	-3.750614e+02
2.540000e-06	-1.671434e-09	-3.150534e-09	-1.519918e+01	-3.720427e+02
2.550000e-06	-1.640463e-09	-3.125888e-09	-1.491755e+01	-3.689912e+02
2.560000e-06	-1.609451e-09	-3.099380e-09	-1.463554e+01	-3.659060e+02
2.570000e-06	-1.578398e-09	-3.070435e-09	-1.435316e+01	-3.627864e+02
2.580000e-06	-1.547305e-09	-3.038874e-09	-1.407042e+01	-3.596313e+02
2.590000e-06	-1.516174e-09	-3.006846e-09	-1.378733e+01	-3.564397e+02
2.600000e-06	-1.484998e-09	-2.977856e-09	-1.350383e+01	-3.532103e+02
2.610000e-06	-1.453779e-09	-2.953813e-09	-1.321994e+01	-3.499415e+02
2.620000e-06	-1.422526e-09	-2.931205e-09	-1.293574e+01	-3.466318e+02
2.630000e-06	-1.391238e-09	-2.907263e-09	-1.265123e+01	-3.432794e+02
2.640000e-06	-1.359912e-09	-2.880962e-09	-1.236637e+01	-3.398823e+02
2.650000e-06	-1.328553e-09	-2.852436e-09	-1.208121e+01	-3.364384e+02
2.660000e-06	-1.297165e-09	-2.819943e-09	-1.179578e+01	-3.329453e+02
2.670000e-06	-1.265738e-09	-2.784487e-09	-1.151000e+01	-3.294007e+02
2.680000e-06	-1.234272e-09	-2.749869e-09	-1.122387e+01	-3.258018e+02
2.690000e-06	-1.202773e-09	-2.717195e-09	-1.093744e+01	-3.221460e+02
2.700000e-06	-1.171241e-09	-2.686614e-09	-1.065069e+01	-3.184303e+02
2.710000e-06	-1.139674e-09	-2.656032e-09	-1.036364e+01	-3.146517e+02
2.720000e-06	-1.108075e-09	-2.625127e-09	-1.007630e+01	-3.108069e+02
2.730000e-06	-1.076449e-09	-2.593339e-09	-9.788705e+00	-3.068926e+02
2.740000e-06	-1.044796e-09	-2.559371e-09	-9.500873e+00	-3.029055e+02
2.750000e-06	-1.013119e-09	-2.522235e-09	-9.212824e+00	-2.988420e+02
2.760000e-06	-9.814156e-10	-2.482140e-09	-8.924526e+00	-2.946986e+02
2.770000e-06	-9.496881e-10	-2.442682e-09	-8.636013e+00	-2.904715e+02
2.780000e-06	-9.179444e-10	-2.404003e-09	-8.347353e+00	-2.861571e+02
2.790000e-06	-8.861819e-10	-2.364889e-09	-8.058522e+00	-2.817517e+02
2.800000e-06	-8.543963e-10	-2.325080e-09	-7.769481e+00	-2.772514e+02
2.810000e-06	-8.225902e-10	-2.285929e-09	-7.480253e+00	-2.726525e+02
2.820000e-06	-7.907660e-10	-2.248803e-09	-7.190861e+00	-2.679514e+02
2.830000e-06	-7.589214e-10	-2.211809e-09	-6.901283e+00	-2.631442e+02
2.840000e-06	-7.270569e-10	-2.172310e-09	-6.611524e+00	-2.582274e+02
2.850000e-06	-6.951732e-10	-2.128175e-09	-6.321591e+00	-2.531975e+02
2.860000e-06	-6.632748e-10	-2.081804e-09	-6.031523e+00	-2.480510e+02
2.870000e-06	-6.313635e-10	-2.035203e-09	-5.741339e+00	-2.427845e+02
2.880000e-06	-5.994375e-10	-1.988033e-09	-5.451021e+00	-2.373950e+02
2.890000e-06	-5.674960e-10	-1.940067e-09	-5.160562e+00	-2.318794e+02
2.900000e-06	-5.355449e-10	-1.892907e-09	-4.870017e+00	-2.262348e+02
2.910000e-06	-5.035899e-10	-1.848532e-09	-4.579434e+00	-2.204588e+02
2.920000e-06	-4.716232e-10	-1.805022e-09	-4.288746e+00	-2.145489e+02
2.930000e-06	-4.396462e-10	-1.760757e-09	-3.997964e+00	-2.085030e+02
2.940000e-06	-4.076641e-10	-1.714195e-09	-3.707136e+00	-2.023192e+02
2.950000e-06	-3.756726e-10	-1.662658e-09	-3.416223e+00	-1.959959e+02
2.960000e-06	-3.436713e-10	-1.605292e-09	-3.125221e+00	-1.895320e+02
2.970000e-06	-3.116631e-10	-1.544731e-09	-2.834155e+00	-1.829264e+02
2.980000e-06	-2.796469e-10	-1.486534e-09	-2.543017e+00	-1.761786e+02
2.990000e-06	-2.476219e-10	-1.431872e-09	-2.251799e+00	-1.692882e+02
3.000000e-06	-2.155897e-10	-1.377269e-09	-1.960515e+00	-1.622554e+02
3.010000e-06	-1.835547e-10	-1.320852e-09	-1.669206e+00	-1.550806e+02
3.020000e-06	-1.515206e-10	-1.260469e-09	-1.377905e+00	-1.477647e+02
3.030000e-06	-1.194875e-10	-1.196998e-09	-1.086613e+00	-1.403090e+02
3.040000e-06	-8.745426e-11	-1.131441e-09	-7.953198e-01	-1.327151e+02
3.050000e-06	-5.542113e-11	-1.064550e-09	-5.040277e-01	-1.249851e+02
3.060000e-06	-2.339024e-11	-9.994148e-10	-2.127560e-01	-1.171214e+02
3.070000e-06	8.639258e-12	-9.347858e-10	7.850325e-02	-1.091269e+02
3.080000e-06	4.066791e-11	-8.694534e-10	3.697547e-01	-1.010049e+02
3.090000e-06	7.269877e-11	-8.013981e-10	6.610262e-01	-9.275916e+01
3.100000e-06	1.047327e-10	-7.284274e-10	9.523256e-01	-8.439369e+01
3.110000e-06	1.367644e-10	-6.531989e-10	1.243605e+00	-7.591301e+01
3.120000e-06	1.687916e-10	-5.776486e-10	1.534843e+00	-6.732204e+01
3.130000e-06	2.008143e-10	-5.021481e-10	1.826041e+00	-5.862603e+01
3.140000e-06	2.328315e-10	-4.259719e-10	2.117187e+00	-4.983064e+01
3.150000e-06	2.648382e-10	-3.478916e-10	2.408240e+00	-4.094187e+01
3.160000e-06	2.968359e-10	-2.705556e-10	2.699209e+00	-3.196607e+01
3.170000e-06	3.288280e-10	-1.941099e-10	2.990128e+00	-2.290992e+01
3.180000e-06	3.608117e-10	-1.157242e-10	3.280972e+00	-1.378041e+01
3.190000e-06	3.927867e-10	-3.536294e-11	3.571735e+00	-4.584796e+00
3.200000e-06	4.247505e-10	4.631730e-11	3.862396e+00	4.669360e+00
3.210000e-06	4.567010e-10	1.286136e-10	4.152937e+00	1.397427e+01
3.220000e-06	4.886424e-10	2.112062e-10	4.443395e+00	2.332192e+01
3.230000e-06	5.205772e-10	2.905633e-10	4.733794e+00	3.270409e+01
3.240000e-06	5.525039e-10	3.664868e-10	5.024118e+00	4.211240e+01
3.250000e-06	5.844216e-10	4.418843e-10	5.314361e+00	5.153832e+01
3.260000e-06	6.163269e-10	5.197662e-10	5.604490e+00	6.097320e+01
3.270000e-06	6.482154e-10	6.025639e-10	5.894467e+00	7.040829e+01
3.280000e-06	6.800879e-10	6.851939e-10	6.184299e+00	7.983479e+01
3.290000e-06	7.119411e-10	7.658220e-10	6.473954e+00	8.924388e+01
3.300000e-06	7.437752e-10	8.440873e-10	6.763437e+00	9.862671e+01
3.310000e-06	7.755916e-10	9.214781e-10	7.052758e+00	1.079745e+02
3.320000e-06	8.073901e-10	1.000245e-09	7.341917e+00	1.172784e+02
3.330000e-06	8.391676e-10	1.078647e-09	7.630884e+00	1.265299e+02
3.340000e-06	8.709216e-10	1.159283e-09	7.919639e+00	1.357204e+02
3.350000e-06	9.026546e-10	1.240996e-09	8.208202e+00	1.448414e+02
3.360000e-06	9.343634e-10	1.321254e-09	8.496545e+00	1.538847e+02
3.370000e-06	9.660503e-10	1.396164e-09	8.784688e+00	1.628423e+02
3.380000e-06	9.977158e-10	1.465912e-09	9.072638e+00	1.717065e+02
3.390000e-06	1.029354e-09	1.536163e-09	9.360339e+00	1.804695e+02
3.400000e-06	1.060963e-09	1.607462e-09	9.647771e+00	1.891243e+02
3.410000e-06	1.092544e-09	1.680760e-09	9.934951e+00	1.976637e+02
3.420000e-06	1.124097e-09	1.753684e-09	1.022188e+01	2.060811e+02
3.430000e-06	1.155617e-09	1.827237e-09	1.050851e+01	2.143703e+02
3.440000e-06	1.187104e-09	1.902186e-09	1.079483e+01	2.225252e+02
3.450000e-06	1.218553e-09	1.976328e-09	1.108081e+01	2.305404e+02
3.460000e-06	1.249962e-09	2.046666e-09	1.136643e+01	2.384105e+02
3.470000e-06	1.281338e-09	2.111659e-09	1.165175e+01	2.461309e+02
3.480000e-06	1.312681e-09	2.176112e-09	1.193676e+01	2.536972e+02
3.490000e-06	1.343991e-09	2.239887e-09	1.222147e+01	2.611055e+02
3.500000e-06	1.375267e-09	2.302633e-09	1.250589e+01	2.683523e+02
3.510000e-06	1.406505e-09	2.363255e-09	1.278995e+01	2.754347e+02
3.520000e-06	1.437706e-09	2.420115e-09	1.307368e+01	2.823499e+02
3.530000e-06	1.468872e-09	2.474675e-09	1.335708e+01	2.890959e+02
3.540000e-06	1.500001e-09	2.530929e-09	1.364015e+01	2.956711e+02
3.550000e-06	1.531093e-09	2.587252e-09	1.392288e+01	3.020742e+02
3.560000e-06	1.562141e-09	2.637818e-09	1.420521e+01	3.083044e+02
3.570000e-06	1.593138e-09	2.684647e-09	1.448708e+01	3.143614e+02
3.580000e-06	1.624087e-09	2.730313e-09	1.476852e+01	3.202454e+02
3.590000e-06	1.654991e-09	2.775227e-09	1.504955e+01	3.259569e+02
3.600000e-06	1.685849e-09	2.817380e-09	1.533015e+01	3.314968e+02
3.610000e-06	1.716658e-09	2.857246e-09	1.561031e+01	3.368665e+02
3.620000e-06	1.747418e-09	2.896917e-09	1.589002e+01	3.420678e+02
3.630000e-06	1.778128e-09	2.935532e-09	1.616929e+01	3.471028e+02
3.640000e-06	1.808784e-09	2.972393e-09	1.644806e+01	3.519741e+02
3.650000e-06	1.839388e-09	3.006635e-09	1.672635e+01	3.566843e+02
3.660000e-06	1.869943e-09	3.039610e-09	1.700420e+01	3.612368e+02
3.670000e-06	1.900447e-09	3.071444e-09	1.728159e+01	3.656349e+02
3.680000e-06	1.930899e-09	3.102371e-09	1.755850e+01	3.698824e+02
3.690000e-06	1.961299e-09	3.133332e-09	1.783495e+01	3.739833e+02
3.700000e-06	1.991652e-09	3.163811e-09	1.811095e+01	3.779419e+02
3.710000e-06	2.021956e-09	3.194115e-09	1.838652e+01	3.817625e+02
3.720000e-06	2.052208e-09	3.224009e-09	1.866162e+01	3.854498e+02
3.730000e-06	2.082406e-09	3.253270e-09	1.893623e+01	3.890087e+02
3.740000e-06	2.112550e-09	3.280275e-09	1.921034e+01	3.924439e+02
3.750000e-06	2.142641e-09	3.304661e-09	1.948398e+01	3.957607e+02
3.760000e-06	2.172676e-09	3.328374e-09	1.975709e+01	3.989640e+02
3.770000e-06	2.202650e-09	3.353531e-09	2.002967e+01	4.020592e+02
3.780000e-06	2.232571e-09	3.379283e-09	2.030174e+01	4.050515e+02
3.790000e-06	2.262437e-09	3.403990e-09	2.057333e+01	4.079461e+02
3.800000e-06	2.292249e-09	3.428610e-09	2.084443e+01	4.107483e+02
3.810000e-06	2.322006e-09	3.453718e-09	2.111502e+01	4.134632e+02
3.820000e-06	2.351705e-09	3.478349e-09	2.138509e+01	4.160962e+02
3.830000e-06	2.381354e-09	3.499624e-09	2.165470e+01	4.186522e+02
3.840000e-06	2.410945e-09	3.518053e-09	2.192379e+01	4.211363e+02
3.850000e-06	2.440470e-09	3.533508e-09	2.219227e+01	4.235534e+02
3.860000e-06	2.469929e-09	3.549542e-09	2.246016e+01	4.259083e+02
3.870000e-06	2.499325e-09	3.570400e-09	2.272747e+01	4.282055e+02
3.880000e-06	2.528661e-09	3.593981e-09	2.299423e+01	4.304497e+02
3.890000e-06	2.557935e-09	3.619768e-09	2.326043e+01	4.326449e+02
3.900000e-06	2.587140e-09	3.643984e-09	2.352601e+01	4.347955e+02
3.910000e-06	2.616274e-09	3.668126e-09	2.379094e+01	4.369052e+02
3.920000e-06	2.645342e-09	3.691789e-09	2.405527e+01	4.389777e+02
3.930000e-06	2.674344e-09	3.709630e-09	2.431900e+01	4.410166e+02
3.940000e-06	2.703275e-09	3.721019e-09	2.458208e+01	4.430252e+02
3.950000e-06	2.732135e-09	3.730399e-09	2.484452e+01	4.450064e+02
3.960000e-06	2.760927e-09	3.744882e-09	2.510634e+01	4.469630e+02
3.970000e-06	2.789643e-09	3.762389e-09	2.536746e+01	4.488976e+02
3.980000e-06	2.818279e-09	3.783089e-09	2.562786e+01	4.508126e+02
3.990000e-06	2.846837e-09	3.808701e-09	2.588755e+01	4.527101e+02
4.000000e-06	2.875319e-09	3.834920e-09	2.614656e+01	4.545918e+02
4.010000e-06	2.903725e-09	3.854807e-09	2.640487e+01	4.564594e+02
4.020000e-06	2.932044e-09	3.864849e-09	2.666238e+01	4.583144e+02
4.030000e-06	2.960272e-09	3.870775e-09	2.691907e+01	4.601578e+02
4.040000e-06	2.988411e-09	3.876870e-09	2.717495e+01	4.619907e+02
4.050000e-06	3.016469e-09	3.887382e-09	2.743009e+01	4.638139e+02
4.060000e-06	3.044449e-09	3.905474e-09	2.768453e+01	4.656278e+02
4.070000e-06	3.072350e-09	3.930960e-09	2.793825e+01	4.674328e+02
4.080000e-06	3.100168e-09	3.958033e-09	2.819121e+01	4.692292e+02
4.090000e-06	3.127896e-09	3.978951e-09	2.844335e+01	4.710169e+02
4.100000e-06	3.155530e-09	3.993369e-09	2.869464e+01	4.727958e+02
4.110000e-06	3.183071e-09	4.002261e-09	2.894509e+01	4.745657e+02
4.120000e-06	3.210520e-09	4.010944e-09	2.919470e+01	4.763260e+02
4.130000e-06	3.237881e-09	4.022563e-09	2.944350e+01	4.780763e+02
4.140000e-06	3.265159e-09	4.036944e-09	2.969155e+01	4.798160e+02
4.150000e-06	3.292355e-09	4.053722e-09	2.993886e+01	4.815442e+02
4.160000e-06	3.319469e-09	4.071467e-09	3.018541e+01	4.832603e+02
4.170000e-06	3.346499e-09	4.089973e-09	3.043122e+01	4.849632e+02
4.180000e-06	3.373450e-09	4.106111e-09	3.067629e+01	4.866522e+02
4.190000e-06	3.400318e-09	4.120611e-09	3.092062e+01	4.883262e+02
4.200000e-06	3.427101e-09	4.134533e-09	3.116416e+01	4.899842e+02
4.210000e-06	3.453794e-09	4.146908e-09	3.140690e+01	4.916253e+02
4.220000e-06	3.480401e-09	4.159141e-09	3.164885e+01	4.932484e+02
4.230000e-06	3.506915e-09	4.172377e-09	3.188995e+01	4.948525e+02
4.240000e-06	3.533335e-09	4.186504e-09	3.213020e+01	4.964367e+02
4.250000e-06	3.559660e-09	4.200128e-09	3.236959e+01	4.980001e+02
4.260000e-06	3.585891e-09	4.214553e-09	3.260811e+01	4.995417e+02
4.270000e-06	3.612026e-09	4.230216e-09	3.284577e+01	5.010607e+02
4.280000e-06	3.638063e-09	4.245431e-09	3.308254e+01	5.025563e+02
4.290000e-06	3.664004e-09	4.259707e-09	3.331844e+01	5.040278e+02
4.300000e-06	3.689846e-09	4.272080e-09	3.355343e+01	5.054745e+02
4.310000e-06	3.715596e-09	4.282974e-09	3.378758e+01	5.068960e+02
4.320000e-06	3.741259e-09	4.293493e-09	3.402096e+01	5.082916e+02
4.330000e-06	3.766832e-09	4.303197e-09	3.425350e+01	5.096611e+02
4.340000e-06	3.792311e-09	4.312340e-09	3.448519e+01	5.110041e+02
4.350000e-06	3.817697e-09	4.322667e-09	3.471604e+01	5.123204e+02
4.360000e-06	3.842996e-09	4.335495e-09	3.494609e+01	5.136099e+02
4.370000e-06	3.868209e-09	4.350161e-09	3.517537e+01	5.148727e+02
4.380000e-06	3.893332e-09	4.366105e-09	3.540382e+01	5.161087e+02
4.390000e-06	3.918354e-09	4.381961e-09	3.563136e+01	5.173182e+02
4.400000e-06	3.943266e-09	4.393775e-09	3.585790e+01	5.185014e+02
4.410000e-06	3.968072e-09	4.400138e-09	3.608347e+01	5.196586e+02
4.420000e-06	3.992775e-09	4.404658e-09	3.630810e+01	5.207904e+02
4.430000e-06	4.017372e-09	4.410832e-09	3.653178e+01	5.218973e+02
4.440000e-06	4.041858e-09	4.418878e-09	3.675444e+01	5.229798e+02
4.450000e-06	4.066232e-09	4.428613e-09	3.697609e+01	5.240387e+02
4.460000e-06	4.090497e-09	4.439792e-09	3.719674e+01	5.250746e+02
4.470000e-06	4.114655e-09	4.453147e-09	3.741642e+01	5.260884e+02
4.480000e-06	4.138712e-09	4.467596e-09	3.763518e+01	5.270810e+02
4.490000e-06	4.162667e-09	4.480011e-09	3.785301e+01	5.280532e+02
4.500000e-06	4.186512e-09	4.487876e-09	3.806985e+01	5.290059e+02
4.510000e-06	4.210246e-09	4.490904e-09	3.828567e+01	5.299403e+02
4.520000e-06	4.233871e-09	4.494354e-09	3.850050e+01	5.308572e+02
4.530000e-06	4.257382e-09	4.501525e-09	3.871430e+01	5.317577e+02
4.540000e-06	4.280769e-09	4.511368e-09	3.892697e+01	5.326428e+02
4.550000e-06	4.304029e-09	4.522062e-09	3.913848e+01	5.335136e+02
4.560000e-06	4.327158e-09	4.531951e-09	3.934881e+01	5.343711e+02
4.570000e-06	4.350161e-09	4.540497e-09	3.955799e+01	5.352162e+02
4.580000e-06	4.373041e-09	4.548913e-09	3.976605e+01	5.360501e+02
4.590000e-06	4.395797e-09	4.558058e-09	3.997297e+01	5.368736e+02
4.600000e-06	4.418435e-09	4.566255e-09	4.017883e+01	5.376877e+02
4.610000e-06	4.440954e-09	4.573554e-09	4.038361e+01	5.384934e+02
4.620000e-06	4.463363e-09	4.580668e-09	4.058739e+01	5.392914e+02
4.630000e-06	4.485665e-09	4.587288e-09	4.079019e+01	5.400826e+02
4.640000e-06	4.507858e-09	4.593149e-09	4.099199e+01	5.408677e+02
4.650000e-06	4.529948e-09	4.599326e-09	4.119287e+01	5.416475e+02
4.660000e-06	4.551942e-09	4.607704e-09	4.139288e+01	5.424226e+02
4.670000e-06	4.573836e-09	4.618217e-09	4.159196e+01	5.431935e+02
4.680000e-06	4.595612e-09	4.630010e-09	4.178999e+01	5.439609e+02
4.690000e-06	4.617263e-09	4.640066e-09	4.198687e+01	5.447250e+02
4.700000e-06	4.638787e-09	4.646770e-09	4.218260e+01	5.454864e+02
4.710000e-06	4.660183e-09	4.651158e-09	4.237716e+01	5.462452e+02
4.720000e-06	4.681449e-09	4.654726e-09	4.257055e+01	5.470018e+02
4.730000e-06	4.702589e-09	4.658401e-09	4.276278e+01	5.477562e+02
4.740000e-06	4.723604e-09	4.662354e-09	4.295388e+01	5.485087e+02
4.750000e-06	4.744501e-09	4.669530e-09	4.314390e+01	5.492592e+02
4.760000e-06	4.765271e-09	4.680262e-09	4.333278e+01	5.500076e+02
4.770000e-06	4.785915e-09	4.692321e-09	4.352050e+01	5.507539e+02
4.780000e-06	4.806443e-09	4.704217e-09	4.370717e+01	5.514980e+02
4.790000e-06	4.826859e-09	4.712903e-09	4.389282e+01	5.522395e+02
4.800000e-06	4.847162e-09	4.719094e-09	4.407745e+01	5.529783e+02
4.810000e-06	4.867344e-09	4.724847e-09	4.426097e+01	5.537140e+02
4.820000e-06	4.887396e-09	4.730921e-09	4.444332e+01	5.544462e+02
4.830000e-06	4.907312e-09	4.736735e-09	4.462442e+01	5.551745e+02
4.840000e-06	4.927083e-09	4.741576e-09	4.480421e+01	5.558986e+02
4.850000e-06	4.946715e-09	4.748092e-09	4.498274e+01	5.566178e+02
4.860000e-06	4.966214e-09	4.757475e-09	4.516004e+01	5.573318e+02
4.870000e-06	4.985582e-09	4.767452e-09	4.533617e+01	5.580400e+02
4.880000e-06	5.004823e-09	4.775303e-09	4.551113e+01	5.587418e+02
4.890000e-06	5.023932e-09	4.781542e-09	4.568490e+01	5.594369e+02
4.900000e-06	5.042920e-09	4.787733e-09	4.585757e+01	5.601245e+02
4.910000e-06	5.061798e-09	4.794115e-09	4.602924e+01	5.608042e+02
4.920000e-06	5.080563e-09	4.799443e-09	4.619988e+01	5.614755e+02
4.930000e-06	5.099207e-09	4.804018e-09	4.636941e+01	5.621377e+02
4.940000e-06	5.117721e-09	4.809011e-09	4.653777e+01	5.627905e+02
4.950000e-06	5.136100e-09	4.815360e-09	4.670490e+01	5.634334e+02
4.960000e-06	5.154331e-09	4.823229e-09	4.687068e+01	5.640658e+02
4.970000e-06	5.172415e-09	4.828426e-09	4.703513e+01	5.646874e+02
4.980000e-06	5.190358e-09	4.831490e-09	4.719829e+01	5.652979e+02
4.990000e-06	5.208167e-09	4.834224e-09	4.736023e+01	5.658967e+02
5.000000e-06	5.225844e-09	4.838726e-09	4.752098e+01	5.664837e+02
5.010000e-06	5.243392e-09	4.846828e-09	4.768056e+01	5.670586e+02
5.020000e-06	5.260812e-09	4.856337e-09	4.783896e+01	5.676211e+02
5.030000e-06	5.278109e-09	4.866519e-09	4.799625e+01	5.681711e+02
5.040000e-06	5.295288e-09	4.873816e-09	4.815247e+01	5.687084e+02
5.050000e-06	5.312349e-09	4.876300e-09	4.830761e+01	5.692330e+02
5.060000e-06	5.329292e-09	4.873780e-09	4.846169e+01	5.697449e+02
5.070000e-06	5.346106e-09	4.871660e-09	4.861458e+01	5.702441e+02
5.080000e-06	5.362779e-09	4.875180e-09	4.876620e+01	5.707306e+02
5.090000e-06	5.379314e-09	4.883333e-09	4.891656e+01	5.712046e+02
5.100000e-06	5.395709e-09	4.895592e-09	4.906564e+01	5.716662e+02
5.110000e-06	5.411961e-09	4.907039e-09	4.921344e+01	5.721158e+02
5.120000e-06	5.428071e-09	4.915533e-09	4.935993e+01	5.725534e+02
5.130000e-06	5.444037e-09	4.918961e-09	4.950512e+01	5.729795e+02
5.140000e-06	5.459862e-09	4.917093e-09	4.964902e+01	5.733944e+02
5.150000e-06	5.475546e-09	4.913894e-09	4.979164e+01	5.737985e+02
5.160000e-06	5.491091e-09	4.913652e-09	4.993301e+01	5.741921e+02
5.170000e-06	5.506494e-09	4.919890e-09	5.007307e+01	5.745758e+02
5.180000e-06	5.521735e-09	4.929422e-09	5.021166e+01	5.749500e+02
5.190000e-06	5.536804e-09	4.940341e-09	5.034869e+01	5.753151e+02
5.200000e-06	5.551699e-09	4.947833e-09	5.048414e+01	5.756718e+02
5.210000e-06	5.566431e-09	4.950161e-09	5.061811e+01	5.760206e+02
5.220000e-06	5.581016e-09	4.949726e-09	5.075073e+01	5.763619e+02
5.230000e-06	5.595452e-09	4.948882e-09	5.088201e+01	5.766964e+02
5.240000e-06	5.609746e-09	4.950276e-09	5.101198e+01	5.770246e+02
5.250000e-06	5.623907e-09	4.952706e-09	5.114076e+01	5.773471e+02
5.260000e-06	5.637936e-09	4.957980e-09	5.126833e+01	5.776643e+02
5.270000e-06	5.651835e-09	4.965735e-09	5.139473e+01	5.779769e+02
5.280000e-06	5.665604e-09	4.974070e-09	5.151993e+01	5.782853e+02
5.290000e-06	5.679229e-09	4.980175e-09	5.164383e+01	5.785902e+02
5.300000e-06	5.692693e-09	4.983402e-09	5.176626e+01	5.788919e+02
5.310000e-06	5.705987e-09	4.986467e-09	5.188715e+01	5.791909e+02
5.320000e-06	5.719121e-09	4.990847e-09	5.200659e+01	5.794878e+02
5.330000e-06	5.732112e-09	4.996594e-09	5.212472e+01	5.797828e+02
5.340000e-06	5.744965e-09	4.999485e-09	5.224160e+01	5.800765e+02
5.350000e-06	5.757683e-09	5.000040e-09	5.235725e+01	5.803691e+02
5.360000e-06	5.770269e-09	5.001309e-09	5.247170e+01	5.806609e+02
5.370000e-06	5.782723e-09	5.005137e-09	5.258495e+01	5.809524e+02
5.380000e-06	5.795050e-09	5.010534e-09	5.269705e+01	5.812436e+02
5.390000e-06	5.807257e-09	5.015834e-09	5.280805e+01	5.815349e+02
5.400000e-06	5.819326e-09	5.021277e-09	5.291780e+01	5.818264e+02
5.410000e-06	5.831223e-09	5.024664e-09	5.302599e+01	5.821182e+02
5.420000e-06	5.842934e-09	5.026367e-09	5.313248e+01	5.824104e+02
5.430000e-06	5.854472e-09	5.026824e-09	5.323740e+01	5.827032e+02
5.440000e-06	5.865860e-09	5.027208e-09	5.334095e+01	5.829964e+02
5.450000e-06	5.877103e-09	5.028745e-09	5.344319e+01	5.832902e+02
5.460000e-06	5.888210e-09	5.032818e-09	5.354420e+01	5.835843e+02
5.470000e-06	5.899179e-09	5.038582e-09	5.364394e+01	5.838789e+02
5.480000e-06	5.909999e-09	5.043191e-09	5.374233e+01	5.841737e+02
5.490000e-06	5.920658e-09	5.045616e-09	5.383926e+01	5.844687e+02
5.500000e-06	5.931136e-09	5.049319e-09	5.393455e+01	5.847636e+02
5.510000e-06	5.941417e-09	5.054783e-09	5.402803e+01	5.850582e+02
5.520000e-06	5.951491e-09	5.059477e-09	5.411964e+01	5.853525e+02
5.530000e-06	5.961385e-09	5.062441e-09	5.420961e+01	5.856460e+02
5.540000e-06	5.971124e-09	5.063450e-09	5.429817e+01	5.859386e+02
5.550000e-06	5.980718e-09	5.066692e-09	5.438541e+01	5.862300e+02
5.560000e-06	5.990171e-09	5.069279e-09	5.447137e+01	5.865200e+02
5.570000e-06	5.999478e-09	5.070862e-09	5.455601e+01	5.868082e+02
5.580000e-06	6.008644e-09	5.074600e-09	5.463936e+01	5.870945e+02
5.590000e-06	6.017687e-09	5.080525e-09	5.472159e+01	5.873784e+02
5.600000e-06	6.026610e-09	5.087452e-09	5.480273e+01	5.876598e+02
5.610000e-06	6.035372e-09	5.092661e-09	5.488241e+01	5.879383e+02
5.620000e-06	6.043940e-09	5.096002e-09	5.496032e+01	5.882137e+02
5.630000e-06	6.052319e-09	5.097191e-09	5.503651e+01	5.884857e+02
5.640000e-06	6.060532e-09	5.097935e-09	5.511121e+01	5.887542e+02
5.650000e-06	6.068602e-09	5.097440e-09	5.518459e+01	5.890188e+02
5.660000e-06	6.076531e-09	5.098309e-09	5.525669e+01	5.892793e+02
5.670000e-06	6.084315e-09	5.103158e-09	5.532747e+01	5.895357e+02
5.680000e-06	6.091948e-09	5.111366e-09	5.539688e+01	5.897876e+02
5.690000e-06	6.099441e-09	5.119369e-09	5.546502e+01	5.900350e+02
5.700000e-06	6.106812e-09	5.120456e-09	5.553205e+01	5.902777e+02
5.710000e-06	6.114045e-09	5.118680e-09	5.559783e+01	5.905156e+02
5.720000e-06	6.121099e-09	5.116329e-09	5.566196e+01	5.907487e+02
5.730000e-06	6.127947e-09	5.116204e-09	5.572424e+01	5.909768e+02
5.740000e-06	6.134612e-09	5.118521e-09	5.578485e+01	5.912001e+02
5.750000e-06	6.141129e-09	5.122364e-09	5.584412e+01	5.914184e+02
5.760000e-06	6.147510e-09	5.130900e-09	5.590214e+01	5.916318e+02
5.770000e-06	6.153748e-09	5.140092e-09	5.595886e+01	5.918404e+02
5.780000e-06	6.159835e-09	5.146037e-09	5.601421e+01	5.920442e+02
5.790000e-06	6.165778e-09	5.144920e-09	5.606826e+01	5.922433e+02
5.800000e-06	6.171594e-09	5.141774e-09	5.612114e+01	5.924379e+02
5.810000e-06	6.177287e-09	5.140696e-09	5.617291e+01	5.926280e+02
5.820000e-06	6.182810e-09	5.141681e-09	5.622314e+01	5.928139e+02
5.830000e-06	6.188116e-09	5.145831e-09	5.627139e+01	5.929956e+02
5.840000e-06	6.193225e-09	5.150964e-09	5.631785e+01	5.931734e+02
5.850000e-06	6.198171e-09	5.156887e-09	5.636283e+01	5.933475e+02
5.860000e-06	6.202962e-09	5.160942e-09	5.640639e+01	5.935180e+02
5.870000e-06	6.207599e-09	5.163228e-09	5.644856e+01	5.936852e+02
5.880000e-06	6.212086e-09	5.162549e-09	5.648936e+01	5.938493e+02
5.890000e-06	6.216430e-09	5.162587e-09	5.652887e+01	5.940104e+02
5.900000e-06	6.220651e-09	5.166256e-09	5.656724e+01	5.941689e+02
5.910000e-06	6.224752e-09	5.173084e-09	5.660454e+01	5.943249e+02
5.920000e-06	6.228700e-09	5.178608e-09	5.664044e+01	5.944785e+02
5.930000e-06	6.232464e-09	5.177187e-09	5.667467e+01	5.946301e+02
5.940000e-06	6.236060e-09	5.175617e-09	5.670737e+01	5.947797e+02
5.950000e-06	6.239506e-09	5.175446e-09	5.673870e+01	5.949275e+02
5.960000e-06	6.242780e-09	5.178966e-09	5.676847e+01	5.950738e+02
5.970000e-06	6.245872e-09	5.183840e-09	5.679660e+01	5.952185e+02
5.980000e-06	6.248794e-09	5.189988e-09	5.682316e+01	5.953618e+02
5.990000e-06	6.251554e-09	5.200633e-09	5.684827e+01	5.955039e+02
6.000000e-06	6.254160e-09	5.208452e-09	5.687196e+01	5.956447e+02
6.010000e-06	6.256596e-09	5.209325e-09	5.689412e+01	5.957843e+02
6.020000e-06	6.258823e-09	5.201497e-09	5.691436e+01	5.959227e+02
6.030000e-06	6.260825e-09	5.194364e-09	5.693257e+01	5.960599e+02
6.040000e-06	6.262652e-09	5.193073e-09	5.694919e+01	5.961958e+02
6.050000e-06	6.264344e-09	5.195407e-09	5.696457e+01	5.963304e+02
6.060000e-06	6.265895e-09	5.201738e-09	5.697867e+01	5.964637e+02
6.070000e-06	6.267286e-09	5.210426e-09	5.699132e+01	5.965953e+02
6.080000e-06	6.268514e-09	5.220448e-09	5.700250e+01	5.967253e+02
6.090000e-06	6.269599e-09	5.224751e-09	5.701236e+01	5.968535e+02
6.100000e-06	6.270565e-09	5.222673e-09	5.702114e+01	5.969795e+02
6.110000e-06	6.271397e-09	5.217368e-09	5.702871e+01	5.971032e+02
6.120000e-06	6.272032e-09	5.212786e-09	5.703448e+01	5.972244e+02
6.130000e-06	6.272445e-09	5.211628e-09	5.703824e+01	5.973428e+02
6.140000e-06	6.272682e-09	5.212933e-09	5.704039e+01	5.974580e+02
6.150000e-06	6.272787e-09	5.217796e-09	5.704135e+01	5.975697e+02
6.160000e-06	6.272759e-09	5.222630e-09	5.704109e+01	5.976777e+02
6.170000e-06	6.272582e-09	5.227028e-09	5.703948e+01	5.977816e+02
6.180000e-06	6.272251e-09	5.229206e-09	5.703648e+01	5.978810e+02
6.190000e-06	6.271772e-09	5.227623e-09	5.703212e+01	5.979756e+02
6.200000e-06	6.271168e-09	5.225018e-09	5.702662e+01	5.980649e+02
6.210000e-06	6.270445e-09	5.224446e-09	5.702006e+01	5.981487e+02
6.220000e-06	6.269555e-09	5.229917e-09	5.701196e+01	5.982266e+02
6.230000e-06	6.268463e-09	5.232881e-09	5.700203e+01	5.982981e+02
6.240000e-06	6.267196e-09	5.212047e-09	5.699051e+01	5.983629e+02
6.250000e-06	6.265769e-09	5.164170e-09	5.697753e+01	5.984207e+02
6.260000e-06	6.264117e-09	5.159854e-09	5.696251e+01	5.984711e+02
6.270000e-06	6.262167e-09	5.164629e-09	5.694478e+01	5.985138e+02
6.280000e-06	6.260012e-09	5.111831e-09	5.692518e+01	5.985484e+02
6.290000e-06	6.257796e-09	5.106047e-09	5.690503e+01	5.985747e+02
6.300000e-06	6.255442e-09	5.147627e-09	5.688363e+01	5.985923e+02
6.310000e-06	6.252889e-09	5.167360e-09	5.686042e+01	5.986011e+02
6.320000e-06	6.250207e-09	5.140005e-09	5.683603e+01	5.986007e+02
6.330000e-06	6.247379e-09	5.124058e-09	5.681031e+01	5.985910e+02
6.340000e-06	6.244369e-09	5.144961e-09	5.678294e+01	5.985717e+02
6.350000e-06	6.241182e-09	5.122138e-09	5.675395e+01	5.985428e+02
6.360000e-06	6.237845e-09	5.100500e-09	5.672361e+01	5.985041e+02
6.370000e-06	6.234352e-09	5.116905e-09	5.669185e+01	5.984555e+02
6.380000e-06	6.230722e-09	5.141009e-09	5.665884e+01	5.983969e+02
6.390000e-06	6.227001e-09	5.129368e-09	5.662501e+01	5.983284e+02
6.400000e-06	6.223142e-09	5.116396e-09	5.658991e+01	5.982499e+02
6.410000e-06	6.219058e-09	5.136359e-09	5.655277e+01	5.981614e+02
6.420000e-06	6.214746e-09	5.122130e-09	5.651356e+01	5.980631e+02
6.430000e-06	6.210269e-09	5.102784e-09	5.647286e+01	5.979549e+02
6.440000e-06	6.205619e-09	5.116932e-09	5.643057e+01	5.978371e+02
6.450000e-06	6.200787e-09	5.133903e-09	5.638663e+01	5.977098e+02
6.460000e-06	6.195839e-09	5.120136e-09	5.634163e+01	5.975732e+02
6.470000e-06	6.190792e-09	5.111769e-09	5.629574e+01	5.974275e+02
6.480000e-06	6.185595e-09	5.121028e-09	5.624848e+01	5.972729e+02
6.490000e-06	6.180223e-09	5.106897e-09	5.619963e+01	5.971096e+02
6.500000e-06	6.174685e-09	5.101223e-09	5.614927e+01	5.969380e+02
6.510000e-06	6.168959e-09	5.111030e-09	5.609720e+01	5.967583e+02
6.520000e-06	6.163038e-09	5.116884e-09	5.604336e+01	5.965708e+02
6.530000e-06	6.156940e-09	5.112586e-09	5.598791e+01	5.963759e+02
6.540000e-06	6.150680e-09	5.116711e-09	5.593099e+01	5.961738e+02
6.550000e-06	6.144272e-09	5.116113e-09	5.587271e+01	5.959649e+02
6.560000e-06	6.137721e-09	5.102265e-09	5.581315e+01	5.957496e+02
6.570000e-06	6.131023e-09	5.097907e-09	5.575224e+01	5.955281e+02
6.580000e-06	6.124166e-09	5.091746e-09	5.568988e+01	5.953008e+02
6.590000e-06	6.117171e-09	5.093192e-09	5.562628e+01	5.950680e+02
6.600000e-06	6.110050e-09	5.100747e-09	5.556151e+01	5.948301e+02
6.610000e-06	6.102777e-09	5.104912e-09	5.549539e+01	5.945873e+02
6.620000e-06	6.095307e-09	5.100539e-09	5.542745e+01	5.943400e+02
6.630000e-06	6.087626e-09	5.096072e-09	5.535761e+01	5.940884e+02
6.640000e-06	6.079779e-09	5.089727e-09	5.528626e+01	5.938328e+02
6.650000e-06	6.071796e-09	5.081207e-09	5.521366e+01	5.935734e+02
6.660000e-06	6.063665e-09	5.084459e-09	5.513972e+01	5.933105e+02
6.670000e-06	6.055373e-09	5.081300e-09	5.506432e+01	5.930442e+02
6.680000e-06	6.046940e-09	5.080856e-09	5.498763e+01	5.927748e+02
6.690000e-06	6.038380e-09	5.088560e-09	5.490979e+01	5.925023e+02
6.700000e-06	6.029683e-09	5.090612e-09	5.483070e+01	5.922269e+02
6.710000e-06	6.020824e-09	5.085352e-09	5.475015e+01	5.919488e+02
6.720000e-06	6.011791e-09	5.082042e-09	5.466801e+01	5.916678e+02
6.730000e-06	6.002604e-09	5.078536e-09	5.458447e+01	5.913842e+02
6.740000e-06	5.993272e-09	5.071264e-09	5.449960e+01	5.910978e+02
6.750000e-06	5.983786e-09	5.070139e-09	5.441335e+01	5.908087e+02
6.760000e-06	5.974131e-09	5.065788e-09	5.432555e+01	5.905167e+02
6.770000e-06	5.964311e-09	5.064691e-09	5.423625e+01	5.902219e+02
6.780000e-06	5.954338e-09	5.065532e-09	5.414556e+01	5.899240e+02
6.790000e-06	5.944204e-09	5.063840e-09	5.405341e+01	5.896230e+02
6.800000e-06	5.933891e-09	5.062715e-09	5.395963e+01	5.893187e+02
6.810000e-06	5.923379e-09	5.058563e-09	5.386404e+01	5.890109e+02
6.820000e-06	5.912664e-09	5.053213e-09	5.376660e+01	5.886994e+02
6.830000e-06	5.901765e-09	5.044480e-09	5.366749e+01	5.883840e+02
6.840000e-06	5.890709e-09	5.040352e-09	5.356696e+01	5.880643e+02
6.850000e-06	5.879508e-09	5.037949e-09	5.346510e+01	5.877403e+02
6.860000e-06	5.868165e-09	5.039863e-09	5.336196e+01	5.874115e+02
6.870000e-06	5.856687e-09	5.042125e-09	5.325758e+01	5.870777e+02
6.880000e-06	5.845076e-09	5.039502e-09	5.315199e+01	5.867387e+02
6.890000e-06	5.833335e-09	5.037076e-09	5.304523e+01	5.863940e+02
6.900000e-06	5.821455e-09	5.029591e-09	5.293720e+01	5.860435e+02
6.910000e-06	5.809414e-09	5.022847e-09	5.282771e+01	5.856869e+02
6.920000e-06	5.797197e-09	5.014568e-09	5.271661e+01	5.853238e+02
6.930000e-06	5.784807e-09	5.009354e-09	5.260394e+01	5.849540e+02
6.940000e-06	5.772253e-09	5.007848e-09	5.248978e+01	5.845772e+02
6.950000e-06	5.759543e-09	5.007187e-09	5.237421e+01	5.841931e+02
6.960000e-06	5.746693e-09	5.009299e-09	5.225735e+01	5.838016e+02
6.970000e-06	5.733704e-09	5.009063e-09	5.213924e+01	5.834023e+02
6.980000e-06	5.720581e-09	5.008190e-09	5.201990e+01	5.829951e+02
6.990000e-06	5.707322e-09	5.002761e-09	5.189934e+01	5.825799e+02
7.000000e-06	5.693927e-09	4.995362e-09	5.177753e+01	5.821564e+02
7.010000e-06	5.680389e-09	4.986001e-09	5.165442e+01	5.817245e+02
7.020000e-06	5.666694e-09	4.977846e-09	5.152989e+01	5.812842e+02
7.030000e-06	5.652829e-09	4.974533e-09	5.140381e+01	5.808353e+02
7.040000e-06	5.638788e-09	4.972234e-09	5.127613e+01	5.803778e+02
7.050000e-06	5.624588e-09	4.971614e-09	5.114700e+01	5.799117e+02
7.060000e-06	5.610245e-09	4.966780e-09	5.101658e+01	5.794371e+02
7.070000e-06	5.595765e-09	4.959895e-09	5.088490e+01	5.789538e+02
7.080000e-06	5.581144e-09	4.952659e-09	5.075195e+01	5.784622e+02
7.090000e-06	5.566377e-09	4.946731e-09	5.061767e+01	5.779622e+02
7.100000e-06	5.551454e-09	4.943222e-09	5.048196e+01	5.774540e+02
7.110000e-06	5.536364e-09	4.940963e-09	5.034474e+01	5.769377e+02
7.120000e-06	5.521105e-09	4.941829e-09	5.020598e+01	5.764137e+02
7.130000e-06	5.505677e-09	4.942663e-09	5.006569e+01	5.758820e+02
7.140000e-06	5.490087e-09	4.943379e-09	4.992393e+01	5.753430e+02
7.150000e-06	5.474337e-09	4.938791e-09	4.978071e+01	5.747969e+02
7.160000e-06	5.458441e-09	4.929103e-09	4.963615e+01	5.742439e+02
7.170000e-06	5.442415e-09	4.919281e-09	4.949042e+01	5.736845e+02
7.180000e-06	5.426266e-09	4.910657e-09	4.934357e+01	5.731190e+02
7.190000e-06	5.409992e-09	4.905605e-09	4.919559e+01	5.725476e+02
7.200000e-06	5.393584e-09	4.904167e-09	4.904638e+01	5.719707e+02
7.210000e-06	5.377043e-09	4.905642e-09	4.889596e+01	5.713888e+02
7.220000e-06	5.360368e-09	4.906295e-09	4.874434e+01	5.708020e+02
7.230000e-06	5.343551e-09	4.902875e-09	4.859141e+01	5.702109e+02
7.240000e-06	5.326590e-09	4.893666e-09	4.843717e+01	5.696157e+02
7.250000e-06	5.309479e-09	4.882141e-09	4.828158e+01	5.690167e+02
7.260000e-06	5.292214e-09	4.872082e-09	4.812458e+01	5.684145e+02
7.270000e-06	5.274805e-09	4.865501e-09	4.796627e+01	5.678092e+02
7.280000e-06	5.257258e-09	4.863598e-09	4.780670e+01	5.672011e+02
7.290000e-06	5.239582e-09	4.863394e-09	4.764597e+01	5.665906e+02
7.300000e-06	5.221792e-09	4.863594e-09	4.748420e+01	5.659780e+02
7.310000e-06	5.203885e-09	4.861256e-09	4.732136e+01	5.653634e+02
7.320000e-06	5.185854e-09	4.854727e-09	4.715740e+01	5.647471e+02
7.330000e-06	5.167695e-09	4.845214e-09	4.699227e+01	5.641293e+02
7.340000e-06	5.149400e-09	4.835480e-09	4.682591e+01	5.635101e+02
7.350000e-06	5.130967e-09	4.827363e-09	4.665828e+01	5.628897e+02
7.360000e-06	5.112391e-09	4.820275e-09	4.648937e+01	5.622682e+02
7.370000e-06	5.093670e-09	4.814764e-09	4.631913e+01	5.616455e+02
7.380000e-06	5.074806e-09	4.810096e-09	4.614759e+01	5.610217e+02
7.390000e-06	5.055805e-09	4.806079e-09	4.597480e+01	5.603969e+02
7.400000e-06	5.036670e-09	4.802775e-09	4.580080e+01	5.597708e+02
7.410000e-06	5.017414e-09	4.800563e-09	4.562569e+01	5.591434e+02
7.420000e-06	4.998040e-09	4.797868e-09	4.544952e+01	5.585146e+02
7.430000e-06	4.978553e-09	4.792880e-09	4.527232e+01	5.578842e+02
7.440000e-06	4.958950e-09	4.786670e-09	4.509406e+01	5.572520e+02
7.450000e-06	4.939222e-09	4.779841e-09	4.491466e+01	5.566176e+02
7.460000e-06	4.919371e-09	4.772044e-09	4.473414e+01	5.559808e+02
7.470000e-06	4.899396e-09	4.763241e-09	4.455250e+01	5.553413e+02
7.480000e-06	4.879290e-09	4.757025e-09	4.436968e+01	5.546987e+02
7.490000e-06	4.859049e-09	4.756113e-09	4.418561e+01	5.540526e+02
7.500000e-06	4.838672e-09	4.756589e-09	4.400032e+01	5.534026e+02
7.510000e-06	4.818155e-09	4.753966e-09	4.381375e+01	5.527483e+02
7.520000e-06	4.797495e-09	4.748484e-09	4.362587e+01	5.520892e+02
7.530000e-06	4.776707e-09	4.741156e-09	4.343684e+01	5.514247e+02
7.540000e-06	4.755807e-09	4.731854e-09	4.324679e+01	5.507544e+02
7.550000e-06	4.734801e-09	4.721067e-09	4.305577e+01	5.500779e+02
7.560000e-06	4.713685e-09	4.709715e-09	4.286375e+01	5.493945e+02
7.570000e-06	4.692457e-09	4.701337e-09	4.267072e+01	5.487037e+02
7.580000e-06	4.671122e-09	4.697237e-09	4.247671e+01	5.480050e+02
7.590000e-06	4.649680e-09	4.693853e-09	4.228172e+01	5.472979e+02
7.600000e-06	4.628120e-09	4.689827e-09	4.208567e+01	5.465819e+02
7.610000e-06	4.606440e-09	4.686331e-09	4.188853e+01	5.458565e+02
7.620000e-06	4.584647e-09	4.682304e-09	4.169035e+01	5.451211e+02
7.630000e-06	4.562732e-09	4.675915e-09	4.149107e+01	5.443753e+02
7.640000e-06	4.540691e-09	4.666449e-09	4.129064e+01	5.436186e+02
7.650000e-06	4.518522e-09	4.655917e-09	4.108905e+01	5.428506e+02
7.660000e-06	4.496225e-09	4.648689e-09	4.088629e+01	5.420709e+02
7.670000e-06	4.473809e-09	4.642395e-09	4.068245e+01	5.412791e+02
7.680000e-06	4.451277e-09	4.633793e-09	4.047756e+01	5.404749e+02
7.690000e-06	4.428627e-09	4.626069e-09	4.027159e+01	5.396579e+02
7.700000e-06	4.405854e-09	4.621629e-09	4.006450e+01	5.388279e+02
7.710000e-06	4.382953e-09	4.617692e-09	3.985625e+01	5.379846e+02
7.720000e-06	4.359922e-09	4.610145e-09	3.964683e+01	5.371278e+02
7.730000e-06	4.336766e-09	4.600720e-09	3.943626e+01	5.362573e+02
7.740000e-06	4.313487e-09	4.592183e-09	3.922457e+01	5.353731e+02
7.750000e-06	4.290086e-09	4.584058e-09	3.901177e+01	5.344750e+02
7.760000e-06	4.266565e-09	4.573871e-09	3.879789e+01	5.335630e+02
7.770000e-06	4.242921e-09	4.562981e-09	3.858288e+01	5.326372e+02
7.780000e-06	4.219148e-09	4.554256e-09	3.836670e+01	5.316974e+02
7.790000e-06	4.195249e-09	4.547296e-09	3.814938e+01	5.307438e+02
7.800000e-06	4.171235e-09	4.541272e-09	3.793101e+01	5.297765e+02
7.810000e-06	4.147121e-09	4.532557e-09	3.771173e+01	5.287956e+02
7.820000e-06	4.122915e-09	4.522731e-09	3.749161e+01	5.278014e+02
7.830000e-06	4.098619e-09	4.514934e-09	3.727068e+01	5.267939e+02
7.840000e-06	4.074231e-09	4.508087e-09	3.704891e+01	5.257734e+02
7.850000e-06	4.049745e-09	4.500326e-09	3.682625e+01	5.247401e+02
7.860000e-06	4.025159e-09	4.489741e-09	3.660267e+01	5.236944e+02
7.870000e-06	4.000466e-09	4.478558e-09	3.637813e+01	5.226364e+02
7.880000e-06	3.975657e-09	4.468753e-09	3.615253e+01	5.215665e+02
7.890000e-06	3.950733e-09	4.461824e-09	3.592588e+01	5.204849e+02
7.900000e-06	3.925705e-09	4.455964e-09	3.569829e+01	5.193920e+02
7.910000e-06	3.900581e-09	4.448975e-09	3.546983e+01	5.182880e+02
7.920000e-06	3.875356e-09	4.442639e-09	3.524045e+01	5.171731e+02
7.930000e-06	3.850023e-09	4.435311e-09	3.501009e+01	5.160477e+02
7.940000e-06	3.824583e-09	4.425672e-09	3.477874e+01	5.149120e+02
7.950000e-06	3.799036e-09	4.412463e-09	3.454643e+01	5.137663e+02
7.960000e-06	3.773396e-09	4.397130e-09	3.431328e+01	5.126107e+02
7.970000e-06	3.747669e-09	4.384025e-09	3.407934e+01	5.114453e+02
7.980000e-06	3.721855e-09	4.374624e-09	3.384459e+01	5.102705e+02
7.990000e-06	3.695951e-09	4.365690e-09	3.360904e+01	5.090861e+02
8.000000e-06	3.669956e-09	4.354431e-09	3.337265e+01	5.078924e+02
8.010000e-06	3.643871e-09	4.343931e-09	3.313545e+01	5.066893e+02
8.020000e-06	3.617697e-09	4.335066e-09	3.289744e+01	5.054768e+02
8.030000e-06	3.591432e-09	4.324961e-09	3.265860e+01	5.042547e+02
8.040000e-06	3.565074e-09	4.311153e-09	3.241891e+01	5.030231e+02
8.050000e-06	3.538618e-09	4.296476e-09	3.217833e+01	5.017816e+02
8.060000e-06	3.512064e-09	4.285108e-09	3.193686e+01	5.005301e+02
8.070000e-06	3.485421e-09	4.276210e-09	3.169459e+01	4.992682e+02
8.080000e-06	3.458689e-09	4.267316e-09	3.145151e+01	4.979955e+02
8.090000e-06	3.431869e-09	4.256827e-09	3.120762e+01	4.967117e+02
8.100000e-06	3.404960e-09	4.246314e-09	3.096292e+01	4.954163e+02
8.110000e-06	3.377960e-09	4.236920e-09	3.071740e+01	4.941087e+02
8.120000e-06	3.350870e-09	4.227227e-09	3.047106e+01	4.927883e+02
8.130000e-06	3.323692e-09	4.215454e-09	3.022392e+01	4.914546e+02
8.140000e-06	3.296428e-09	4.201687e-09	2.997599e+01	4.901068e+02
8.150000e-06	3.269077e-09	4.187675e-09	2.972727e+01	4.887441e+02
8.160000e-06	3.241635e-09	4.173288e-09	2.947774e+01	4.873658e+02
8.170000e-06	3.214106e-09	4.158792e-09	2.922740e+01	4.859711e+02
8.180000e-06	3.186494e-09	4.144746e-09	2.897631e+01	4.845590e+02
8.190000e-06	3.158797e-09	4.131489e-09	2.872445e+01	4.831287e+02
8.200000e-06	3.131014e-09	4.120414e-09	2.847181e+01	4.816792e+02
8.210000e-06	3.103151e-09	4.111044e-09	2.821844e+01	4.802097e+02
8.220000e-06	3.075208e-09	4.100685e-09	2.796434e+01	4.787190e+02
8.230000e-06	3.047173e-09	4.086892e-09	2.770941e+01	4.772062e+02
8.240000e-06	3.019047e-09	4.070751e-09	2.745364e+01	4.756704e+02
8.250000e-06	2.990842e-09	4.054348e-09	2.719716e+01	4.741104e+02
8.260000e-06	2.962559e-09	4.038498e-09	2.693997e+01	4.725254e+02
8.270000e-06	2.934201e-09	4.023708e-09	2.668209e+01	4.709143e+02
8.280000e-06	2.905763e-09	4.010260e-09	2.642350e+01	4.692762e+02
8.290000e-06	2.877243e-09	3.998520e-09	2.616415e+01	4.676101e+02
8.300000e-06	2.848635e-09	3.986827e-09	2.590401e+01	4.659151e+02
8.310000e-06	2.819943e-09	3.973290e-09	2.564310e+01	4.641902e+02
8.320000e-06	2.791173e-09	3.957456e-09	2.538148e+01	4.624347e+02
8.330000e-06	2.762331e-09	3.940341e-09	2.511920e+01	4.606478e+02
8.340000e-06	2.733427e-09	3.922710e-09	2.485637e+01	4.588286e+02
8.350000e-06	2.704461e-09	3.904474e-09	2.459296e+01	4.569764e+02
8.360000e-06	2.675427e-09	3.887147e-09	2.432895e+01	4.550907e+02
8.370000e-06	2.646332e-09	3.870754e-09	2.406437e+01	4.531708e+02
8.380000e-06	2.617178e-09	3.855307e-09	2.379926e+01	4.512162e+02
8.390000e-06	2.587962e-09	3.841617e-09	2.353359e+01	4.492264e+02
8.400000e-06	2.558688e-09	3.827266e-09	2.326738e+01	4.472011e+02
8.410000e-06	2.529357e-09	3.809587e-09	2.300066e+01	4.451398e+02
8.420000e-06	2.499966e-09	3.789339e-09	2.273340e+01	4.430424e+02
8.430000e-06	2.470511e-09	3.770930e-09	2.246555e+01	4.409087e+02
8.440000e-06	2.440986e-09	3.754131e-09	2.219706e+01	4.387385e+02
8.450000e-06	2.411390e-09	3.734043e-09	2.192793e+01	4.365318e+02
8.460000e-06	2.381729e-09	3.710620e-09	2.165821e+01	4.342885e+02
8.470000e-06	2.352006e-09	3.688799e-09	2.138793e+01	4.320089e+02
8.480000e-06	2.322223e-09	3.670452e-09	2.111710e+01	4.296930e+02
8.490000e-06	2.292378e-09	3.653488e-09	2.084570e+01	4.273409e+02
8.500000e-06	2.262484e-09	3.635535e-09	2.057387e+01	4.249531e+02
8.510000e-06	2.232541e-09	3.615831e-09	2.030158e+01	4.225296e+02
8.520000e-06	2.202541e-09	3.596653e-09	2.002878e+01	4.200709e+02
8.530000e-06	2.172490e-09	3.577732e-09	1.975551e+01	4.175773e+02
8.540000e-06	2.142382e-09	3.556354e-09	1.948172e+01	4.150491e+02
8.550000e-06	2.112214e-09	3.532888e-09	1.920739e+01	4.124868e+02
8.560000e-06	2.081988e-09	3.510602e-09	1.893253e+01	4.098908e+02
8.570000e-06	2.051701e-09	3.490416e-09	1.865712e+01	4.072614e+02
8.580000e-06	2.021357e-09	3.469914e-09	1.838119e+01	4.045991e+02
8.590000e-06	1.990955e-09	3.447949e-09	1.810473e+01	4.019042e+02
8.600000e-06	1.960494e-09	3.427290e-09	1.782774e+01	3.991770e+02
8.610000e-06	1.929990e-09	3.409096e-09	1.755035e+01	3.964179e+02
8.620000e-06	1.899439e-09	3.390153e-09	1.727253e+01	3.936270e+02
8.630000e-06	1.868840e-09	3.368240e-09	1.699428e+01	3.908046e+02
8.640000e-06	1.838195e-09	3.345124e-09	1.671561e+01	3.879508e+02
8.650000e-06	1.807506e-09	3.322520e-09	1.643654e+01	3.850655e+02
8.660000e-06	1.776778e-09	3.298835e-09	1.615712e+01	3.821488e+02
8.670000e-06	1.746009e-09	3.272504e-09	1.587732e+01	3.792005e+02
8.680000e-06	1.715197e-09	3.244449e-09	1.559713e+01	3.762203e+02
8.690000e-06	1.684337e-09	3.216685e-09	1.531651e+01	3.732078e+02
8.700000e-06	1.653434e-09	3.190635e-09	1.503549e+01	3.701624e+02
8.710000e-06	1.622490e-09	3.165924e-09	1.475410e+01	3.670836e+02
8.720000e-06	1.591507e-09	3.142281e-09	1.447236e+01	3.639705e+02
8.730000e-06	1.560484e-09	3.118783e-09	1.419025e+01	3.608222e+02
8.740000e-06	1.529419e-09	3.093802e-09	1.390777e+01	3.576375e+02
8.750000e-06	1.498315e-09	3.065964e-09	1.362493e+01	3.544153e+02
8.760000e-06	1.467167e-09	3.035297e-09	1.334168e+01	3.511540e+02
8.770000e-06	1.435976e-09	3.004198e-09	1.305804e+01	3.478520e+02
8.780000e-06	1.404748e-09	2.973710e-09	1.277407e+01	3.445077e+02
8.790000e-06	1.373486e-09	2.943295e-09	1.248979e+01	3.411191e+02
8.800000e-06	1.342187e-09	2.911740e-09	1.220518e+01	3.376841e+02
8.810000e-06	1.310852e-09	2.878967e-09	1.192024e+01	3.342004e+02
8.820000e-06	1.279483e-09	2.847116e-09	1.163499e+01	3.306655e+02
8.830000e-06	1.248078e-09	2.817855e-09	1.134940e+01	3.270770e+02
8.840000e-06	1.216637e-09	2.789685e-09	1.106350e+01	3.234320e+02
8.850000e-06	1.185161e-09	2.760112e-09	1.077728e+01	3.197276e+02
8.860000e-06	1.153650e-09	2.728151e-09	1.049072e+01	3.159609e+02
8.870000e-06	1.122110e-09	2.693141e-09	1.020392e+01	3.121286e+02
8.880000e-06	1.090545e-09	2.654341e-09	9.916882e+00	3.082275e+02
8.890000e-06	1.058951e-09	2.613196e-09	9.629587e+00	3.042542e+02
8.900000e-06	1.027334e-09	2.572627e-09	9.342082e+00	3.002052e+02
8.910000e-06	9.956910e-10	2.534927e-09	9.054336e+00	2.960768e+02
8.920000e-06	9.640207e-10	2.500944e-09	8.766343e+00	2.918655e+02
8.930000e-06	9.323305e-10	2.466621e-09	8.478170e+00	2.875676e+02
8.940000e-06	9.006205e-10	2.428547e-09	8.189816e+00	2.831793e+02
8.950000e-06	8.688867e-10	2.387505e-09	7.901246e+00	2.786969e+02
8.960000e-06	8.371320e-10	2.344038e-09	7.612486e+00	2.741166e+02
8.970000e-06	8.053544e-10	2.297930e-09	7.323518e+00	2.694347e+02
8.980000e-06	7.735517e-10	2.250432e-09	7.034321e+00	2.646474e+02
8.990000e-06	7.417272e-10	2.205839e-09	6.744927e+00	2.597512e+02
9.000000e-06	7.098830e-10	2.165465e-09	6.455353e+00	2.547425e+02
9.010000e-06	6.780223e-10	2.126973e-09	6.165629e+00	2.496178e+02
9.020000e-06	6.461435e-10	2.085841e-09	5.875739e+00	2.443738e+02
9.030000e-06	6.142500e-10	2.039158e-09	5.585717e+00	2.390073e+02
9.040000e-06	5.823460e-10	1.987535e-09	5.295600e+00	2.335153e+02
9.050000e-06	5.504261e-10	1.932771e-09	5.005337e+00	2.278948e+02
9.060000e-06	5.184924e-10	1.879039e-09	4.714949e+00	2.221433e+02
9.070000e-06	4.865481e-10	1.827330e-09	4.424465e+00	2.162584e+02
9.080000e-06	4.545926e-10	1.776921e-09	4.133879e+00	2.102378e+02
9.090000e-06	4.226264e-10	1.727989e-09	3.843196e+00	2.040797e+02
9.100000e-06	3.906462e-10	1.678848e-09	3.552385e+00	1.977824e+02
9.110000e-06	3.586516e-10	1.627034e-09	3.261443e+00	1.913447e+02
9.120000e-06	3.266454e-10	1.571094e-09	2.970396e+00	1.847654e+02
9.130000e-06	2.946284e-10	1.511817e-09	2.679250e+00	1.780439e+02
9.140000e-06	2.626042e-10	1.451428e-09	2.388039e+00	1.711800e+02
9.150000e-06	2.305738e-10	1.389468e-09	2.096772e+00	1.641735e+02
9.160000e-06	1.985378e-10	1.325106e-09	1.805454e+00	1.570250e+02
9.170000e-06	1.665011e-10	1.260284e-09	1.514129e+00	1.497353e+02
9.180000e-06	1.344648e-10	1.195800e-09	1.222808e+00	1.423054e+02
9.190000e-06	1.024268e-10	1.130634e-09	9.314725e-01	1.347370e+02
9.200000e-06	7.038803e-11	1.063709e-09	6.401289e-01	1.270321e+02
9.210000e-06	3.835394e-11	9.966837e-10	3.488281e-01	1.191931e+02
9.220000e-06	6.321091e-12	9.314638e-10	5.753858e-02	1.112227e+02
9.230000e-06	-2.572069e-11	8.670796e-10	-2.338321e-01	1.031241e+02
9.240000e-06	-5.776382e-11	7.996012e-10	-5.252152e-01	9.490109e+01
9.250000e-06	-8.979990e-11	7.272236e-10	-8.165341e-01	8.655758e+01
9.260000e-06	-1.218339e-10	6.518325e-10	-1.107834e+00	7.809802e+01
9.270000e-06	-1.538639e-10	5.746537e-10	-1.399098e+00	6.952722e+01
9.280000e-06	-1.858886e-10	4.967131e-10	-1.690314e+00	6.085040e+01
9.290000e-06	-2.179088e-10	4.180345e-10	-1.981488e+00	5.207314e+01
9.300000e-06	-2.499223e-10	3.395642e-10	-2.272602e+00	4.320137e+01
9.310000e-06	-2.819250e-10	2.637868e-10	-2.563617e+00	3.424138e+01
9.320000e-06	-3.139229e-10	1.897928e-10	-2.854589e+00	2.519979e+01
9.330000e-06	-3.459134e-10	1.144579e-10	-3.145494e+00	1.608352e+01
9.340000e-06	-3.778820e-10	3.614621e-11	-3.436198e+00	6.899812e+00
9.350000e-06	-4.098356e-10	-4.581595e-11	-3.726768e+00	-2.343852e+00
9.360000e-06	-4.417775e-10	-1.299643e-10	-4.017230e+00	-1.163972e+01
9.370000e-06	-4.737059e-10	-2.134960e-10	-4.307569e+00	-2.097981e+01
9.380000e-06	-5.056279e-10	-2.950526e-10	-4.597851e+00	-3.035596e+01
9.390000e-06	-5.375384e-10	-3.743241e-10	-4.888027e+00	-3.975980e+01
9.400000e-06	-5.694326e-10	-4.528650e-10	-5.178056e+00	-4.918282e+01
9.410000e-06	-6.013110e-10	-5.316405e-10	-5.467941e+00	-5.861640e+01
9.420000e-06	-6.331736e-10	-6.087820e-10	-5.757683e+00	-6.805181e+01
9.430000e-06	-6.650177e-10	-6.872318e-10	-6.047255e+00	-7.748026e+01
9.440000e-06	-6.968394e-10	-7.674252e-10	-6.336625e+00	-8.689292e+01
9.450000e-06	-7.286422e-10	-8.479851e-10	-6.625822e+00	-9.628096e+01
9.460000e-06	-7.604214e-10	-9.270349e-10	-6.914805e+00	-1.056355e+02
9.470000e-06	-7.921765e-10	-1.004350e-09	-7.203569e+00	-1.149479e+02
9.480000e-06	-8.239123e-10	-1.083892e-09	-7.492157e+00	-1.242094e+02
9.490000e-06	-8.556276e-10	-1.164330e-09	-7.780559e+00	-1.334115e+02
9.500000e-06	-8.873198e-10	-1.244880e-09	-8.068751e+00	-1.425456e+02
9.510000e-06	-9.189886e-10	-1.322480e-09	-8.356730e+00	-1.516036e+02
9.520000e-06	-9.506345e-10	-1.397482e-09	-8.644500e+00	-1.605773e+02
9.530000e-06	-9.822543e-10	-1.472811e-09	-8.932034e+00	-1.694590e+02
9.540000e-06	-1.013848e-09	-1.547947e-09	-9.219325e+00	-1.782409e+02
9.550000e-06	-1.045421e-09	-1.623229e-09	-9.506438e+00	-1.869159e+02
9.560000e-06	-1.076970e-09	-1.697516e-09	-9.793329e+00	-1.954768e+02
9.570000e-06	-1.108488e-09	-1.772819e-09	-1.007994e+01	-2.039170e+02
9.580000e-06	-1.139974e-09	-1.849180e-09	-1.036625e+01	-2.122300e+02
9.590000e-06	-1.171424e-09	-1.925229e-09	-1.065224e+01	-2.204098e+02
9.600000e-06	-1.202839e-09	-1.999059e-09	-1.093791e+01	-2.284509e+02
9.610000e-06	-1.234220e-09	-2.068603e-09	-1.122327e+01	-2.363479e+02
9.620000e-06	-1.265566e-09	-2.137519e-09	-1.150832e+01	-2.440960e+02
9.630000e-06	-1.296874e-09	-2.206687e-09	-1.179302e+01	-2.516908e+02
9.640000e-06	-1.328144e-09	-2.275079e-09	-1.207737e+01	-2.591283e+02
9.650000e-06	-1.359384e-09	-2.339635e-09	-1.236145e+01	-2.664049e+02
9.660000e-06	-1.390589e-09	-2.403370e-09	-1.264521e+01	-2.735176e+02
9.670000e-06	-1.421755e-09	-2.470550e-09	-1.292861e+01	-2.804636e+02
9.680000e-06	-1.452880e-09	-2.537241e-09	-1.321165e+01	-2.872408e+02
9.690000e-06	-1.483962e-09	-2.599451e-09	-1.349429e+01	-2.938474e+02
9.700000e-06	-1.515000e-09	-2.655602e-09	-1.377653e+01	-3.002821e+02
9.710000e-06	-1.545998e-09	-2.709676e-09	-1.405841e+01	-3.065441e+02
9.720000e-06	-1.576956e-09	-2.762248e-09	-1.433993e+01	-3.126330e+02
9.730000e-06	-1.607868e-09	-2.813848e-09	-1.462103e+01	-3.185487e+02
9.740000e-06	-1.638736e-09	-2.863588e-09	-1.490173e+01	-3.242918e+02
9.750000e-06	-1.669565e-09	-2.911179e-09	-1.518207e+01	-3.298632e+02
9.760000e-06	-1.700356e-09	-2.959662e-09	-1.546206e+01	-3.352641e+02
9.770000e-06	-1.731101e-09	-3.007652e-09	-1.574165e+01	-3.404962e+02
9.780000e-06	-1.761803e-09	-3.054375e-09	-1.602083e+01	-3.455616e+02
9.790000e-06	-1.792469e-09	-3.097002e-09	-1.629969e+01	-3.504628e+02
9.800000e-06	-1.823093e-09	-3.136271e-09	-1.657817e+01	-3.552025e+02
9.810000e-06	-1.853665e-09	-3.173483e-09	-1.685617e+01	-3.597837e+02
9.820000e-06	-1.884191e-09	-3.208799e-09	-1.713376e+01	-3.642100e+02
9.830000e-06	-1.914674e-09	-3.242911e-09	-1.741096e+01	-3.684850e+02
9.840000e-06	-1.945105e-09	-3.275635e-09	-1.768768e+01	-3.726126e+02
9.850000e-06	-1.975477e-09	-3.309024e-09	-1.796387e+01	-3.765970e+02
9.860000e-06	-2.005796e-09	-3.344296e-09	-1.823958e+01	-3.804427e+02
9.870000e-06	-2.036064e-09	-3.380640e-09	-1.851481e+01	-3.841543e+02
9.880000e-06	-2.066271e-09	-3.413540e-09	-1.878950e+01	-3.877365e+02
9.890000e-06	-2.096418e-09	-3.443014e-09	-1.906364e+01	-3.911942e+02
9.900000e-06	-2.126514e-09	-3.471131e-09	-1.933732e+01	-3.945324e+02
9.910000e-06	-2.156554e-09	-3.498061e-09	-1.961049e+01	-3.977563e+02
9.920000e-06	-2.186542e-09	-3.523720e-09	-1.988318e+01	-4.008711e+02
9.930000e-06	-2.216477e-09	-3.548728e-09	-2.015539e+01	-4.038820e+02
9.940000e-06	-2.246353e-09	-3.574286e-09	-2.042707e+01	-4.067943e+02
9.950000e-06	-2.276172e-09	-3.599026e-09	-2.069823e+01	-4.096131e+02
9.960000e-06	-2.305936e-09	-3.623935e-09	-2.096889e+01	-4.123438e+02
9.970000e-06	-2.335637e-09	-3.648695e-09	-2.123897e+01	-4.149916e+02
9.980000e-06	-2.365270e-09	-3.673041e-09	-2.150843e+01	-4.175614e+02
9.990000e-06	-2.394836e-09	-3.697029e-09	-2.177730e+01	-4.200585e+02
1.000000e-05	-2.424339e-09	-3.719920e-09	-2.204557e+01	-4.224877e+02
1.001000e-05	-2.453778e-09	-3.741267e-09	-2.231328e+01	-4.248537e+02
1.002000e-05	-2.483153e-09	-3.760642e-09	-2.258041e+01	-4.271613e+02
1.003000e-05	-2.512472e-09	-3.779973e-09	-2.284701e+01	-4.294149e+02
1.004000e-05	-2.541738e-09	-3.798431e-09	-2.311314e+01	-4.316189e+02
1.005000e-05	-2.570943e-09	-3.815849e-09	-2.337871e+01	-4.337775e+02
1.006000e-05	-2.600083e-09	-3.834156e-09	-2.364370e+01	-4.358944e+02
1.007000e-05	-2.629161e-09	-3.854659e-09	-2.390812e+01	-4.379736e+02
1.008000e-05	-2.658177e-09	-3.877216e-09	-2.417198e+01	-4.400185e+02
1.009000e-05	-2.687130e-09	-3.898157e-09	-2.443526e+01	-4.420325e+02
1.010000e-05	-2.716013e-09	-3.916303e-09	-2.469791e+01	-4.440185e+02
1.011000e-05	-2.744824e-09	-3.931756e-09	-2.495990e+01	-4.459795e+02
1.012000e-05	-2.773555e-09	-3.946512e-09	-2.522117e+01	-4.479180e+02
1.013000e-05	-2.802208e-09	-3.962106e-09	-2.548172e+01	-4.498364e+02
1.014000e-05	-2.830792e-09	-3.979390e-09	-2.574164e+01	-4.517370e+02
1.015000e-05	-2.859300e-09	-3.997835e-09	-2.600088e+01	-4.536214e+02
1.016000e-05	-2.887727e-09	-4.014864e-09	-2.625938e+01	-4.554916e+02
1.017000e-05	-2.916069e-09	-4.032909e-09	-2.651711e+01	-4.573487e+02
1.018000e-05	-2.944329e-09	-4.050582e-09	-2.677409e+01	-4.591942e+02
1.019000e-05	-2.972508e-09	-4.066037e-09	-2.703034e+01	-4.610290e+02
1.020000e-05	-3.000602e-09	-4.078967e-09	-2.728580e+01	-4.628538e+02
1.021000e-05	-3.028609e-09	-4.090140e-09	-2.754049e+01	-4.646694e+02
1.022000e-05	-3.056529e-09	-4.101295e-09	-2.779438e+01	-4.664760e+02
1.023000e-05	-3.084365e-09	-4.113202e-09	-2.804750e+01	-4.682739e+02
1.024000e-05	-3.112118e-09	-4.128752e-09	-2.829988e+01	-4.700631e+02
1.025000e-05	-3.139789e-09	-4.147101e-09	-2.855150e+01	-4.718436e+02
1.026000e-05	-3.167377e-09	-4.167262e-09	-2.880237e+01	-4.736151e+02
1.027000e-05	-3.194882e-09	-4.185658e-09	-2.905248e+01	-4.753771e+02
1.028000e-05	-3.222302e-09	-4.199079e-09	-2.930183e+01	-4.771292e+02
1.029000e-05	-3.249638e-09	-4.209101e-09	-2.955041e+01	-4.788708e+02
1.030000e-05	-3.276893e-09	-4.218141e-09	-2.979825e+01	-4.806011e+02
1.031000e-05	-3.304068e-09	-4.229464e-09	-3.004536e+01	-4.823194e+02
1.032000e-05	-3.331155e-09	-4.243406e-09	-3.029168e+01	-4.840247e+02
1.033000e-05	-3.358159e-09	-4.259078e-09	-3.053724e+01	-4.857162e+02
1.034000e-05	-3.385075e-09	-4.273502e-09	-3.078200e+01	-4.873929e+02
1.035000e-05	-3.411893e-09	-4.286125e-09	-3.102586e+01	-4.890539e+02
1.036000e-05	-3.438623e-09	-4.299827e-09	-3.126894e+01	-4.906980e+02
1.037000e-05	-3.465270e-09	-4.313357e-09	-3.151125e+01	-4.923244e+02
1.038000e-05	-3.491827e-09	-4.324581e-09	-3.175275e+01	-4.939320e+02
1.039000e-05	-3.518288e-09	-4.334132e-09	-3.199337e+01	-4.955198e+02
1.040000e-05	-3.544654e-09	-4.345193e-09	-3.223313e+01	-4.970870e+02
1.041000e-05	-3.570929e-09	-4.358172e-09	-3.247205e+01	-4.986325e+02
1.042000e-05	-3.597111e-09	-4.370433e-09	-3.271014e+01	-5.001556e+02
1.043000e-05	-3.623205e-09	-4.380855e-09	-3.294743e+01	-5.016554e+02
1.044000e-05	-3.649210e-09	-4.390962e-09	-3.318390e+01	-5.031313e+02
1.045000e-05	-3.675125e-09	-4.401843e-09	-3.341956e+01	-5.045825e+02
1.046000e-05	-3.700954e-09	-4.412113e-09	-3.365444e+01	-5.060086e+02
1.047000e-05	-3.726702e-09	-4.422307e-09	-3.388857e+01	-5.074089e+02
1.048000e-05	-3.752362e-09	-4.433335e-09	-3.412191e+01	-5.087831e+02
1.049000e-05	-3.777926e-09	-4.445149e-09	-3.435438e+01	-5.101309e+02
1.050000e-05	-3.803396e-09	-4.456512e-09	-3.458599e+01	-5.114520e+02
1.051000e-05	-3.828768e-09	-4.465841e-09	-3.481671e+01	-5.127464e+02
1.052000e-05	-3.854034e-09	-4.473916e-09	-3.504647e+01	-5.140139e+02
1.053000e-05	-3.879195e-09	-4.482690e-09	-3.527527e+01	-5.152548e+02
1.054000e-05	-3.904255e-09	-4.493256e-09	-3.550315e+01	-5.164690e+02
1.055000e-05	-3.929214e-09	-4.504815e-09	-3.573011e+01	-5.176569e+02
1.056000e-05	-3.954066e-09	-4.516980e-09	-3.595611e+01	-5.188188e+02
1.057000e-05	-3.978810e-09	-4.529978e-09	-3.618111e+01	-5.199552e+02
1.058000e-05	-4.003447e-09	-4.541930e-09	-3.640514e+01	-5.210665e+02
1.059000e-05	-4.027980e-09	-4.550986e-09	-3.662823e+01	-5.221534e+02
1.060000e-05	-4.052410e-09	-4.558008e-09	-3.685039e+01	-5.232165e+02
1.061000e-05	-4.076733e-09	-4.566024e-09	-3.707157e+01	-5.242565e+02
1.062000e-05	-4.100956e-09	-4.575978e-09	-3.729184e+01	-5.252743e+02
1.063000e-05	-4.125079e-09	-4.584935e-09	-3.751121e+01	-5.262706e+02
1.064000e-05	-4.149103e-09	-4.592533e-09	-3.772967e+01	-5.272464e+02
1.065000e-05	-4.173021e-09	-4.599846e-09	-3.794717e+01	-5.282026e+02
1.066000e-05	-4.196827e-09	-4.607677e-09	-3.816364e+01	-5.291402e+02
1.067000e-05	-4.220511e-09	-4.616181e-09	-3.837901e+01	-5.300602e+02
1.068000e-05	-4.244069e-09	-4.623924e-09	-3.859323e+01	-5.309636e+02
1.069000e-05	-4.267507e-09	-4.631946e-09	-3.880637e+01	-5.318514e+02
1.070000e-05	-4.290825e-09	-4.639750e-09	-3.901841e+01	-5.327247e+02
1.071000e-05	-4.314020e-09	-4.646492e-09	-3.922934e+01	-5.335845e+02
1.072000e-05	-4.337096e-09	-4.652495e-09	-3.943917e+01	-5.344318e+02
1.073000e-05	-4.360050e-09	-4.657714e-09	-3.964790e+01	-5.352676e+02
1.074000e-05	-4.382880e-09	-4.662827e-09	-3.985551e+01	-5.360929e+02
1.075000e-05	-4.405583e-09	-4.668883e-09	-4.006196e+01	-5.369086e+02
1.076000e-05	-4.428154e-09	-4.678040e-09	-4.026721e+01	-5.377157e+02
1.077000e-05	-4.450595e-09	-4.687954e-09	-4.047127e+01	-5.385150e+02
1.078000e-05	-4.472907e-09	-4.694413e-09	-4.067416e+01	-5.393073e+02
1.079000e-05	-4.495091e-09	-4.699217e-09	-4.087590e+01	-5.400935e+02
1.080000e-05	-4.517153e-09	-4.704480e-09	-4.107651e+01	-5.408742e+02
1.081000e-05	-4.539095e-09	-4.710039e-09	-4.127605e+01	-5.416500e+02
1.082000e-05	-4.560914e-09	-4.714990e-09	-4.147446e+01	-5.424216e+02
1.083000e-05	-4.582617e-09	-4.718124e-09	-4.167181e+01	-5.431895e+02
1.084000e-05	-4.604214e-09	-4.721098e-09	-4.186821e+01	-5.439541e+02
1.085000e-05	-4.625705e-09	-4.726616e-09	-4.206363e+01	-5.447159e+02
1.086000e-05	-4.647089e-09	-4.733411e-09	-4.225809e+01	-5.454751e+02
1.087000e-05	-4.668368e-09	-4.739559e-09	-4.245158e+01	-5.462320e+02
1.088000e-05	-4.689538e-09	-4.745168e-09	-4.264410e+01	-5.469867e+02
1.089000e-05	-4.710596e-09	-4.750945e-09	-4.283559e+01	-5.477395e+02
1.090000e-05	-4.731540e-09	-4.758276e-09	-4.302604e+01	-5.484902e+02
1.091000e-05	-4.752372e-09	-4.765958e-09	-4.321548e+01	-5.492390e+02
1.092000e-05	-4.773093e-09	-4.771323e-09	-4.340390e+01	-5.499856e+02
1.093000e-05	-4.793685e-09	-4.773885e-09	-4.359115e+01	-5.507300e+02
1.094000e-05	-4.814136e-09	-4.776491e-09	-4.377712e+01	-5.514719e+02
1.095000e-05	-4.834448e-09	-4.781037e-09	-4.396183e+01	-5.522111e+02
1.096000e-05	-4.854626e-09	-4.787085e-09	-4.414532e+01	-5.529472e+02
1.097000e-05	-4.874672e-09	-4.792347e-09	-4.432761e+01	-5.536800e+02
1.098000e-05	-4.894588e-09	-4.796861e-09	-4.450871e+01	-5.544090e+02
1.099000e-05	-4.914383e-09	-4.803937e-09	-4.468872e+01	-5.551337e+02
1.100000e-05	-4.934057e-09	-4.812518e-09	-4.486763e+01	-5.558537e+02
1.101000e-05	-4.953609e-09	-4.818541e-09	-4.504542e+01	-5.565686e+02
1.102000e-05	-4.973042e-09	-4.820840e-09	-4.522214e+01	-5.572777e+02
1.103000e-05	-4.992366e-09	-4.822760e-09	-4.539785e+01	-5.579807e+02
1.104000e-05	-5.011584e-09	-4.825877e-09	-4.557261e+01	-5.586769e+02
1.105000e-05	-5.030692e-09	-4.829300e-09	-4.574637e+01	-5.593658e+02
1.106000e-05	-5.049677e-09	-4.832237e-09	-4.591901e+01	-5.600468e+02
1.107000e-05	-5.068519e-09	-4.836355e-09	-4.609035e+01	-5.607195e+02
1.108000e-05	-5.087216e-09	-4.844288e-09	-4.626037e+01	-5.613833e+02
1.109000e-05	-5.105772e-09	-4.854542e-09	-4.642911e+01	-5.620378e+02
1.110000e-05	-5.124189e-09	-4.862805e-09	-4.659658e+01	-5.626823e+02
1.111000e-05	-5.142467e-09	-4.866725e-09	-4.676279e+01	-5.633166e+02
1.112000e-05	-5.160609e-09	-4.868515e-09	-4.692777e+01	-5.639400e+02
1.113000e-05	-5.178614e-09	-4.869117e-09	-4.709149e+01	-5.645524e+02
1.114000e-05	-5.196484e-09	-4.868853e-09	-4.725399e+01	-5.651533e+02
1.115000e-05	-5.214233e-09	-4.869136e-09	-4.741539e+01	-5.657423e+02
1.116000e-05	-5.231870e-09	-4.870863e-09	-4.757578e+01	-5.663193e+02
1.117000e-05	-5.249391e-09	-4.876230e-09	-4.773511e+01	-5.668839e+02
1.118000e-05	-5.266783e-09	-4.884629e-09	-4.789326e+01	-5.674360e+02
1.119000e-05	-5.284034e-09	-4.892289e-09	-4.805013e+01	-5.679756e+02
1.120000e-05	-5.301133e-09	-4.896856e-09	-4.820562e+01	-5.685024e+02
1.121000e-05	-5.318083e-09	-4.898966e-09	-4.835976e+01	-5.690165e+02
1.122000e-05	-5.334890e-09	-4.900436e-09	-4.851259e+01	-5.695178e+02
1.123000e-05	-5.351559e-09	-4.901982e-09	-4.866417e+01	-5.700065e+02
1.124000e-05	-5.368095e-09	-4.902146e-09	-4.881454e+01	-5.704826e+02
1.125000e-05	-5.384502e-09	-4.901760e-09	-4.896373e+01	-5.709464e+02
1.126000e-05	-5.400781e-09	-4.905677e-09	-4.911177e+01	-5.713980e+02
1.127000e-05	-5.416932e-09	-4.913410e-09	-4.925864e+01	-5.718377e+02
1.128000e-05	-5.432965e-09	-4.920311e-09	-4.940443e+01	-5.722658e+02
1.129000e-05	-5.448879e-09	-4.924252e-09	-4.954915e+01	-5.726825e+02
1.130000e-05	-5.464660e-09	-4.926409e-09	-4.969265e+01	-5.730884e+02
1.131000e-05	-5.480287e-09	-4.927277e-09	-4.983476e+01	-5.734838e+02
1.132000e-05	-5.495743e-09	-4.926929e-09	-4.997530e+01	-5.738692e+02
1.133000e-05	-5.511021e-09	-4.925871e-09	-5.011423e+01	-5.742449e+02
1.134000e-05	-5.526129e-09	-4.925775e-09	-5.025161e+01	-5.746116e+02
1.135000e-05	-5.541077e-09	-4.928522e-09	-5.038754e+01	-5.749697e+02
1.136000e-05	-5.555872e-09	-4.933042e-09	-5.052208e+01	-5.753198e+02
1.137000e-05	-5.570521e-09	-4.938817e-09	-5.065529e+01	-5.756623e+02
1.138000e-05	-5.585036e-09	-4.943565e-09	-5.078729e+01	-5.759979e+02
1.139000e-05	-5.599422e-09	-4.946504e-09	-5.091810e+01	-5.763271e+02
1.140000e-05	-5.613680e-09	-4.949892e-09	-5.104776e+01	-5.766505e+02
1.141000e-05	-5.627800e-09	-4.952403e-09	-5.117616e+01	-5.769685e+02
1.142000e-05	-5.641763e-09	-4.952724e-09	-5.130313e+01	-5.772818e+02
1.143000e-05	-5.655560e-09	-4.950810e-09	-5.142860e+01	-5.775909e+02
1.144000e-05	-5.669197e-09	-4.949414e-09	-5.155260e+01	-5.778963e+02
1.145000e-05	-5.682684e-09	-4.950448e-09	-5.167524e+01	-5.781984e+02
1.146000e-05	-5.696023e-09	-4.954736e-09	-5.179655e+01	-5.784978e+02
1.147000e-05	-5.709226e-09	-4.961104e-09	-5.191661e+01	-5.787949e+02
1.148000e-05	-5.722297e-09	-4.965779e-09	-5.203546e+01	-5.790902e+02
1.149000e-05	-5.735230e-09	-4.969297e-09	-5.215307e+01	-5.793840e+02
1.150000e-05	-5.748034e-09	-4.970364e-09	-5.226950e+01	-5.796767e+02
1.151000e-05	-5.760710e-09	-4.967188e-09	-5.238477e+01	-5.799686e+02
1.152000e-05	-5.773240e-09	-4.960755e-09	-5.249871e+01	-5.802600e+02
1.153000e-05	-5.785605e-09	-4.955941e-09	-5.261115e+01	-5.805511e+02
1.154000e-05	-5.797800e-09	-4.957613e-09	-5.272205e+01	-5.808423e+02
1.155000e-05	-5.809836e-09	-4.965314e-09	-5.283150e+01	-5.811336e+02
1.156000e-05	-5.821724e-09	-4.973167e-09	-5.293960e+01	-5.814253e+02
1.157000e-05	-5.833472e-09	-4.977632e-09	-5.304643e+01	-5.817174e+02
1.158000e-05	-5.845082e-09	-4.980938e-09	-5.315201e+01	-5.820099e+02
1.159000e-05	-5.856551e-09	-4.981710e-09	-5.325630e+01	-5.823029e+02
1.160000e-05	-5.867875e-09	-4.978812e-09	-5.335927e+01	-5.825965e+02
1.161000e-05	-5.879058e-09	-4.974964e-09	-5.346097e+01	-5.828905e+02
1.162000e-05	-5.890107e-09	-4.973111e-09	-5.356145e+01	-5.831849e+02
1.163000e-05	-5.901002e-09	-4.977218e-09	-5.366052e+01	-5.834796e+02
1.164000e-05	-5.911712e-09	-4.984863e-09	-5.375791e+01	-5.837744e+02
1.165000e-05	-5.922232e-09	-4.992279e-09	-5.385357e+01	-5.840693e+02
1.166000e-05	-5.932573e-09	-4.996828e-09	-5.394761e+01	-5.843639e+02
1.167000e-05	-5.942742e-09	-4.998403e-09	-5.404008e+01	-5.846581e+02
1.168000e-05	-5.952748e-09	-4.999562e-09	-5.413107e+01	-5.849517e+02
1.169000e-05	-5.962594e-09	-4.997241e-09	-5.422060e+01	-5.852444e+02
1.170000e-05	-5.972259e-09	-4.992201e-09	-5.430849e+01	-5.855359e+02
1.171000e-05	-5.981733e-09	-4.987177e-09	-5.439464e+01	-5.858261e+02
1.172000e-05	-5.991030e-09	-4.986365e-09	-5.447918e+01	-5.861145e+02
1.173000e-05	-6.000170e-09	-4.991110e-09	-5.456230e+01	-5.864010e+02
1.174000e-05	-6.009164e-09	-4.997793e-09	-5.464409e+01	-5.866853e+02
1.175000e-05	-6.018020e-09	-5.004014e-09	-5.472462e+01	-5.869670e+02
1.176000e-05	-6.026750e-09	-5.007682e-09	-5.480401e+01	-5.872460e+02
1.177000e-05	-6.035359e-09	-5.009260e-09	-5.488229e+01	-5.875219e+02
1.178000e-05	-6.043838e-09	-5.006502e-09	-5.495940e+01	-5.877945e+02
1.179000e-05	-6.052180e-09	-4.999809e-09	-5.503526e+01	-5.880635e+02
1.180000e-05	-6.060379e-09	-4.995023e-09	-5.510981e+01	-5.883287e+02
1.181000e-05	-6.068434e-09	-4.996677e-09	-5.518306e+01	-5.885899e+02
1.182000e-05	-6.076356e-09	-5.004585e-09	-5.525510e+01	-5.888469e+02
1.183000e-05	-6.084144e-09	-5.012684e-09	-5.532592e+01	-5.890995e+02
1.184000e-05	-6.091770e-09	-5.018013e-09	-5.539527e+01	-5.893476e+02
1.185000e-05	-6.099203e-09	-5.018903e-09	-5.546285e+01	-5.895911e+02
1.186000e-05	-6.106442e-09	-5.015221e-09	-5.552869e+01	-5.898298e+02
1.187000e-05	-6.113520e-09	-5.008599e-09	-5.559305e+01	-5.900636e+02
1.188000e-05	-6.120462e-09	-5.002039e-09	-5.565617e+01	-5.902926e+02
1.189000e-05	-6.127261e-09	-5.000834e-09	-5.571800e+01	-5.905167e+02
1.190000e-05	-6.133911e-09	-5.006291e-09	-5.577847e+01	-5.907358e+02
1.191000e-05	-6.140409e-09	-5.016428e-09	-5.583757e+01	-5.909500e+02
1.192000e-05	-6.146765e-09	-5.024261e-09	-5.589536e+01	-5.911594e+02
1.193000e-05	-6.152985e-09	-5.026012e-09	-5.595192e+01	-5.913639e+02
1.194000e-05	-6.159053e-09	-5.022823e-09	-5.600710e+01	-5.915638e+02
1.195000e-05	-6.164931e-09	-5.016724e-09	-5.606055e+01	-5.917591e+02
1.196000e-05	-6.170601e-09	-5.011904e-09	-5.611212e+01	-5.919499e+02
1.197000e-05	-6.176099e-09	-5.009888e-09	-5.616211e+01	-5.921365e+02
1.198000e-05	-6.181457e-09	-5.011826e-09	-5.621084e+01	-5.923188e+02
1.199000e-05	-6.186675e-09	-5.017470e-09	-5.625829e+01	-5.924973e+02
1.200000e-05	-6.191742e-09	-5.024175e-09	-5.630436e+01	-5.926719e+02
1.201000e-05	-6.196646e-09	-5.028291e-09	-5.634896e+01	-5.928430e+02
1.202000e-05	-6.201404e-09	-5.028118e-09	-5.639222e+01	-5.930107e+02
1.203000e-05	-6.206038e-09	-5.025280e-09	-5.643437e+01	-5.931753e+02
1.204000e-05	-6.210530e-09	-5.021948e-09	-5.647521e+01	-5.933369e+02
1.205000e-05	-6.214833e-09	-5.019778e-09	-5.651434e+01	-5.934957e+02
1.206000e-05	-6.218927e-09	-5.018709e-09	-5.655157e+01	-5.936521e+02
1.207000e-05	-6.222845e-09	-5.019400e-09	-5.658720e+01	-5.938061e+02
1.208000e-05	-6.226625e-09	-5.022529e-09	-5.662157e+01	-5.939579e+02
1.209000e-05	-6.230270e-09	-5.026785e-09	-5.665472e+01	-5.941078e+02
1.210000e-05	-6.233768e-09	-5.028911e-09	-5.668653e+01	-5.942559e+02
1.211000e-05	-6.237115e-09	-5.028401e-09	-5.671696e+01	-5.944024e+02
1.212000e-05	-6.240312e-09	-5.026971e-09	-5.674603e+01	-5.945473e+02
1.213000e-05	-6.243374e-09	-5.026433e-09	-5.677388e+01	-5.946908e+02
1.214000e-05	-6.246293e-09	-5.027407e-09	-5.680042e+01	-5.948330e+02
1.215000e-05	-6.249014e-09	-5.026806e-09	-5.682517e+01	-5.949740e+02
1.216000e-05	-6.251504e-09	-5.025070e-09	-5.684781e+01	-5.951137e+02
1.217000e-05	-6.253795e-09	-5.024071e-09	-5.686864e+01	-5.952523e+02
1.218000e-05	-6.255915e-09	-5.024149e-09	-5.688792e+01	-5.953896e+02
1.219000e-05	-6.257876e-09	-5.024289e-09	-5.690576e+01	-5.955258e+02
1.220000e-05	-6.259688e-09	-5.025377e-09	-5.692223e+01	-5.956606e+02
1.221000e-05	-6.261346e-09	-5.029528e-09	-5.693731e+01	-5.957940e+02
1.222000e-05	-6.262865e-09	-5.035029e-09	-5.695112e+01	-5.959259e+02
1.223000e-05	-6.264258e-09	-5.039050e-09	-5.696379e+01	-5.960562e+02
1.224000e-05	-6.265499e-09	-5.037889e-09	-5.697508e+01	-5.961846e+02
1.225000e-05	-6.266535e-09	-5.034188e-09	-5.698450e+01	-5.963110e+02
1.226000e-05	-6.267361e-09	-5.033895e-09	-5.699201e+01	-5.964351e+02
1.227000e-05	-6.268029e-09	-5.036424e-09	-5.699808e+01	-5.965567e+02
1.228000e-05	-6.268566e-09	-5.038599e-09	-5.700296e+01	-5.966755e+02
1.229000e-05	-6.268964e-09	-5.038383e-09	-5.700658e+01	-5.967912e+02
1.230000e-05	-6.269214e-09	-5.037690e-09	-5.700886e+01	-5.969036e+02
