# Temperatura_=_20.0
# Concentracion g/m^3_=_14600.0
# C_Vs_to_Am_M_A/Vsm_=_116720831517.84952
# pendiente_HvsI_1/m_=_3716.3
# ordenada_HvsI_A/m_=_1297.0
# frecuencia_Hz_=_81280.33984474129
# Promedio de 28 ciclos

Tiempo_(s)	Campo_(V.s)	Magnetizacion_(V.s)	Campo_(kA/m)	Magnetizacion_(A/m)
0.000000e+00	-6.262219e-09	-5.054748e-09	-5.701033e+01	-5.983310e+02
1.000000e-08	-6.262274e-09	-5.053811e-09	-5.701082e+01	-5.983160e+02
2.000000e-08	-6.262182e-09	-5.052261e-09	-5.700999e+01	-5.983000e+02
3.000000e-08	-6.261977e-09	-5.051498e-09	-5.700812e+01	-5.982820e+02
4.000000e-08	-6.261624e-09	-5.051415e-09	-5.700491e+01	-5.982612e+02
5.000000e-08	-6.261070e-09	-5.050733e-09	-5.699986e+01	-5.982366e+02
6.000000e-08	-6.260314e-09	-5.050222e-09	-5.699298e+01	-5.982072e+02
7.000000e-08	-6.259391e-09	-5.051698e-09	-5.698458e+01	-5.981722e+02
8.000000e-08	-6.258307e-09	-5.052492e-09	-5.697471e+01	-5.981306e+02
9.000000e-08	-6.257013e-09	-5.056732e-09	-5.696293e+01	-5.980815e+02
1.000000e-07	-6.255449e-09	-5.093632e-09	-5.694868e+01	-5.980241e+02
1.100000e-07	-6.253671e-09	-5.157687e-09	-5.693250e+01	-5.979577e+02
1.200000e-07	-6.251839e-09	-5.142525e-09	-5.691582e+01	-5.978813e+02
1.300000e-07	-6.250026e-09	-5.122738e-09	-5.689932e+01	-5.977944e+02
1.400000e-07	-6.248126e-09	-5.132897e-09	-5.688202e+01	-5.976963e+02
1.500000e-07	-6.245995e-09	-5.106911e-09	-5.686262e+01	-5.975864e+02
1.600000e-07	-6.243626e-09	-5.068475e-09	-5.684105e+01	-5.974644e+02
1.700000e-07	-6.241071e-09	-5.058396e-09	-5.681779e+01	-5.973298e+02
1.800000e-07	-6.238320e-09	-5.107632e-09	-5.679275e+01	-5.971823e+02
1.900000e-07	-6.235344e-09	-5.126492e-09	-5.676565e+01	-5.970218e+02
2.000000e-07	-6.232168e-09	-5.114080e-09	-5.673674e+01	-5.968482e+02
2.100000e-07	-6.228821e-09	-5.134376e-09	-5.670627e+01	-5.966614e+02
2.200000e-07	-6.225308e-09	-5.120703e-09	-5.667429e+01	-5.964616e+02
2.300000e-07	-6.221639e-09	-5.100977e-09	-5.664088e+01	-5.962489e+02
2.400000e-07	-6.217791e-09	-5.082126e-09	-5.660585e+01	-5.960238e+02
2.500000e-07	-6.213768e-09	-5.082405e-09	-5.656923e+01	-5.957864e+02
2.600000e-07	-6.209621e-09	-5.108178e-09	-5.653147e+01	-5.955375e+02
2.700000e-07	-6.205363e-09	-5.100770e-09	-5.649271e+01	-5.952774e+02
2.800000e-07	-6.200957e-09	-5.108551e-09	-5.645260e+01	-5.950068e+02
2.900000e-07	-6.196387e-09	-5.101803e-09	-5.641099e+01	-5.947265e+02
3.000000e-07	-6.191676e-09	-5.089154e-09	-5.636810e+01	-5.944373e+02
3.100000e-07	-6.186827e-09	-5.075467e-09	-5.632396e+01	-5.941399e+02
3.200000e-07	-6.181816e-09	-5.083992e-09	-5.627833e+01	-5.938353e+02
3.300000e-07	-6.176611e-09	-5.091704e-09	-5.623095e+01	-5.935243e+02
3.400000e-07	-6.171225e-09	-5.086840e-09	-5.618192e+01	-5.932081e+02
3.500000e-07	-6.165675e-09	-5.103478e-09	-5.613139e+01	-5.928874e+02
3.600000e-07	-6.159966e-09	-5.095023e-09	-5.607942e+01	-5.925635e+02
3.700000e-07	-6.154111e-09	-5.075006e-09	-5.602611e+01	-5.922372e+02
3.800000e-07	-6.148107e-09	-5.054191e-09	-5.597145e+01	-5.919095e+02
3.900000e-07	-6.141946e-09	-5.050314e-09	-5.591536e+01	-5.915815e+02
4.000000e-07	-6.135628e-09	-5.051441e-09	-5.585784e+01	-5.912541e+02
4.100000e-07	-6.129157e-09	-5.055789e-09	-5.579893e+01	-5.909282e+02
4.200000e-07	-6.122548e-09	-5.069847e-09	-5.573877e+01	-5.906047e+02
4.300000e-07	-6.115805e-09	-5.065829e-09	-5.567738e+01	-5.902845e+02
4.400000e-07	-6.108892e-09	-5.064856e-09	-5.561445e+01	-5.899684e+02
4.500000e-07	-6.101777e-09	-5.051588e-09	-5.554966e+01	-5.896569e+02
4.600000e-07	-6.094479e-09	-5.035400e-09	-5.548322e+01	-5.893509e+02
4.700000e-07	-6.087028e-09	-5.021537e-09	-5.541539e+01	-5.890508e+02
4.800000e-07	-6.079431e-09	-5.023010e-09	-5.534624e+01	-5.887571e+02
4.900000e-07	-6.071679e-09	-5.036121e-09	-5.527565e+01	-5.884702e+02
5.000000e-07	-6.063768e-09	-5.041702e-09	-5.520363e+01	-5.881905e+02
5.100000e-07	-6.055709e-09	-5.049879e-09	-5.513027e+01	-5.879181e+02
5.200000e-07	-6.047521e-09	-5.044318e-09	-5.505572e+01	-5.876531e+02
5.300000e-07	-6.039190e-09	-5.039956e-09	-5.497988e+01	-5.873955e+02
5.400000e-07	-6.030660e-09	-5.029966e-09	-5.490223e+01	-5.871454e+02
5.500000e-07	-6.021916e-09	-5.020955e-09	-5.482262e+01	-5.869024e+02
5.600000e-07	-6.012991e-09	-5.017775e-09	-5.474137e+01	-5.866663e+02
5.700000e-07	-6.003925e-09	-5.019945e-09	-5.465884e+01	-5.864368e+02
5.800000e-07	-5.994723e-09	-5.026637e-09	-5.457506e+01	-5.862134e+02
5.900000e-07	-5.985370e-09	-5.023025e-09	-5.448991e+01	-5.859956e+02
6.000000e-07	-5.975862e-09	-5.023841e-09	-5.440335e+01	-5.857827e+02
6.100000e-07	-5.966204e-09	-5.019816e-09	-5.431542e+01	-5.855741e+02
6.200000e-07	-5.956391e-09	-5.017918e-09	-5.422609e+01	-5.853690e+02
6.300000e-07	-5.946396e-09	-5.014310e-09	-5.413510e+01	-5.851667e+02
6.400000e-07	-5.936189e-09	-5.009489e-09	-5.404217e+01	-5.849661e+02
6.500000e-07	-5.925768e-09	-5.008961e-09	-5.394730e+01	-5.847665e+02
6.600000e-07	-5.915157e-09	-5.005495e-09	-5.385070e+01	-5.845669e+02
6.700000e-07	-5.904383e-09	-5.002603e-09	-5.375262e+01	-5.843662e+02
6.800000e-07	-5.893451e-09	-4.991903e-09	-5.365309e+01	-5.841635e+02
6.900000e-07	-5.882362e-09	-4.986848e-09	-5.355214e+01	-5.839579e+02
7.000000e-07	-5.871132e-09	-4.986286e-09	-5.344990e+01	-5.837481e+02
7.100000e-07	-5.859774e-09	-4.990657e-09	-5.334650e+01	-5.835333e+02
7.200000e-07	-5.848274e-09	-4.994343e-09	-5.324180e+01	-5.833125e+02
7.300000e-07	-5.836607e-09	-4.991564e-09	-5.313559e+01	-5.830846e+02
7.400000e-07	-5.824762e-09	-4.989433e-09	-5.302775e+01	-5.828487e+02
7.500000e-07	-5.812749e-09	-4.984459e-09	-5.291839e+01	-5.826039e+02
7.600000e-07	-5.800589e-09	-4.982200e-09	-5.280768e+01	-5.823494e+02
7.700000e-07	-5.788290e-09	-4.976761e-09	-5.269571e+01	-5.820843e+02
7.800000e-07	-5.775851e-09	-4.975328e-09	-5.258247e+01	-5.818078e+02
7.900000e-07	-5.763272e-09	-4.976733e-09	-5.246796e+01	-5.815193e+02
8.000000e-07	-5.750550e-09	-4.978493e-09	-5.235214e+01	-5.812182e+02
8.100000e-07	-5.737688e-09	-4.978449e-09	-5.223504e+01	-5.809038e+02
8.200000e-07	-5.724680e-09	-4.971611e-09	-5.211662e+01	-5.805757e+02
8.300000e-07	-5.711517e-09	-4.965454e-09	-5.199678e+01	-5.802336e+02
8.400000e-07	-5.698188e-09	-4.956165e-09	-5.187544e+01	-5.798771e+02
8.500000e-07	-5.684691e-09	-4.950907e-09	-5.175256e+01	-5.795059e+02
8.600000e-07	-5.671043e-09	-4.947599e-09	-5.162831e+01	-5.791200e+02
8.700000e-07	-5.657261e-09	-4.944542e-09	-5.150284e+01	-5.787192e+02
8.800000e-07	-5.643352e-09	-4.941119e-09	-5.137622e+01	-5.783036e+02
8.900000e-07	-5.629316e-09	-4.937402e-09	-5.124844e+01	-5.778734e+02
9.000000e-07	-5.615146e-09	-4.935602e-09	-5.111943e+01	-5.774287e+02
9.100000e-07	-5.600832e-09	-4.930081e-09	-5.098912e+01	-5.769697e+02
9.200000e-07	-5.586376e-09	-4.924740e-09	-5.085752e+01	-5.764969e+02
9.300000e-07	-5.571773e-09	-4.918419e-09	-5.072457e+01	-5.760107e+02
9.400000e-07	-5.557015e-09	-4.914872e-09	-5.059022e+01	-5.755115e+02
9.500000e-07	-5.542087e-09	-4.911562e-09	-5.045432e+01	-5.749999e+02
9.600000e-07	-5.526976e-09	-4.906991e-09	-5.031674e+01	-5.744764e+02
9.700000e-07	-5.511689e-09	-4.902549e-09	-5.017758e+01	-5.739418e+02
9.800000e-07	-5.496244e-09	-4.895730e-09	-5.003697e+01	-5.733968e+02
9.900000e-07	-5.480651e-09	-4.891580e-09	-4.989501e+01	-5.728420e+02
1.000000e-06	-5.464903e-09	-4.887561e-09	-4.975165e+01	-5.722783e+02
1.010000e-06	-5.448993e-09	-4.884076e-09	-4.960680e+01	-5.717063e+02
1.020000e-06	-5.432928e-09	-4.877817e-09	-4.946055e+01	-5.711270e+02
1.030000e-06	-5.416711e-09	-4.869706e-09	-4.931291e+01	-5.705411e+02
1.040000e-06	-5.400338e-09	-4.862305e-09	-4.916385e+01	-5.699494e+02
1.050000e-06	-5.383817e-09	-4.854327e-09	-4.901344e+01	-5.693526e+02
1.060000e-06	-5.367165e-09	-4.847677e-09	-4.886185e+01	-5.687517e+02
1.070000e-06	-5.350392e-09	-4.841206e-09	-4.870915e+01	-5.681472e+02
1.080000e-06	-5.333497e-09	-4.838604e-09	-4.855534e+01	-5.675399e+02
1.090000e-06	-5.316483e-09	-4.836895e-09	-4.840044e+01	-5.669305e+02
1.100000e-06	-5.299347e-09	-4.834437e-09	-4.824444e+01	-5.663196e+02
1.110000e-06	-5.282089e-09	-4.829303e-09	-4.808732e+01	-5.657078e+02
1.120000e-06	-5.264711e-09	-4.821587e-09	-4.792912e+01	-5.650956e+02
1.130000e-06	-5.247214e-09	-4.813116e-09	-4.776982e+01	-5.644833e+02
1.140000e-06	-5.229591e-09	-4.803203e-09	-4.760939e+01	-5.638715e+02
1.150000e-06	-5.211841e-09	-4.796251e-09	-4.744779e+01	-5.632603e+02
1.160000e-06	-5.193961e-09	-4.790557e-09	-4.728502e+01	-5.626501e+02
1.170000e-06	-5.175941e-09	-4.786709e-09	-4.712097e+01	-5.620409e+02
1.180000e-06	-5.157771e-09	-4.782860e-09	-4.695555e+01	-5.614329e+02
1.190000e-06	-5.139448e-09	-4.779714e-09	-4.678874e+01	-5.608260e+02
1.200000e-06	-5.120979e-09	-4.777492e-09	-4.662060e+01	-5.602201e+02
1.210000e-06	-5.102373e-09	-4.772757e-09	-4.645121e+01	-5.596150e+02
1.220000e-06	-5.083637e-09	-4.768031e-09	-4.628064e+01	-5.590104e+02
1.230000e-06	-5.064778e-09	-4.764250e-09	-4.610895e+01	-5.584060e+02
1.240000e-06	-5.045802e-09	-4.761428e-09	-4.593620e+01	-5.578013e+02
1.250000e-06	-5.026705e-09	-4.756255e-09	-4.576234e+01	-5.571959e+02
1.260000e-06	-5.007485e-09	-4.750061e-09	-4.558737e+01	-5.565891e+02
1.270000e-06	-4.988139e-09	-4.743370e-09	-4.541124e+01	-5.559804e+02
1.280000e-06	-4.968660e-09	-4.737710e-09	-4.523391e+01	-5.553688e+02
1.290000e-06	-4.949047e-09	-4.733538e-09	-4.505536e+01	-5.547538e+02
1.300000e-06	-4.929299e-09	-4.727995e-09	-4.487557e+01	-5.541344e+02
1.310000e-06	-4.909414e-09	-4.723629e-09	-4.469454e+01	-5.535098e+02
1.320000e-06	-4.889387e-09	-4.718660e-09	-4.451222e+01	-5.528791e+02
1.330000e-06	-4.869226e-09	-4.713885e-09	-4.432867e+01	-5.522413e+02
1.340000e-06	-4.848942e-09	-4.707588e-09	-4.414402e+01	-5.515954e+02
1.350000e-06	-4.828540e-09	-4.700349e-09	-4.395828e+01	-5.509404e+02
1.360000e-06	-4.808020e-09	-4.694411e-09	-4.377146e+01	-5.502755e+02
1.370000e-06	-4.787383e-09	-4.688142e-09	-4.358359e+01	-5.495995e+02
1.380000e-06	-4.766627e-09	-4.682894e-09	-4.339462e+01	-5.489114e+02
1.390000e-06	-4.745747e-09	-4.676918e-09	-4.320454e+01	-5.482104e+02
1.400000e-06	-4.724750e-09	-4.672136e-09	-4.301339e+01	-5.474954e+02
1.410000e-06	-4.703636e-09	-4.667914e-09	-4.282116e+01	-5.467657e+02
1.420000e-06	-4.682401e-09	-4.662782e-09	-4.262785e+01	-5.460202e+02
1.430000e-06	-4.661042e-09	-4.654835e-09	-4.243340e+01	-5.452582e+02
1.440000e-06	-4.639554e-09	-4.644215e-09	-4.223777e+01	-5.444789e+02
1.450000e-06	-4.617933e-09	-4.636178e-09	-4.204094e+01	-5.436816e+02
1.460000e-06	-4.596182e-09	-4.629539e-09	-4.184292e+01	-5.428658e+02
1.470000e-06	-4.574312e-09	-4.622161e-09	-4.164382e+01	-5.420308e+02
1.480000e-06	-4.552332e-09	-4.613730e-09	-4.144372e+01	-5.411762e+02
1.490000e-06	-4.530245e-09	-4.606965e-09	-4.124264e+01	-5.403016e+02
1.500000e-06	-4.508049e-09	-4.602452e-09	-4.104057e+01	-5.394067e+02
1.510000e-06	-4.485741e-09	-4.598019e-09	-4.083748e+01	-5.384914e+02
1.520000e-06	-4.463321e-09	-4.590866e-09	-4.063337e+01	-5.375554e+02
1.530000e-06	-4.440786e-09	-4.581165e-09	-4.042821e+01	-5.365988e+02
1.540000e-06	-4.418130e-09	-4.569543e-09	-4.022196e+01	-5.356217e+02
1.550000e-06	-4.395356e-09	-4.556196e-09	-4.001463e+01	-5.346241e+02
1.560000e-06	-4.372464e-09	-4.544426e-09	-3.980622e+01	-5.336065e+02
1.570000e-06	-4.349449e-09	-4.533920e-09	-3.959670e+01	-5.325691e+02
1.580000e-06	-4.326301e-09	-4.525660e-09	-3.938596e+01	-5.315123e+02
1.590000e-06	-4.303021e-09	-4.519109e-09	-3.917402e+01	-5.304367e+02
1.600000e-06	-4.279614e-09	-4.513222e-09	-3.896093e+01	-5.293429e+02
1.610000e-06	-4.256086e-09	-4.505309e-09	-3.874674e+01	-5.282316e+02
1.620000e-06	-4.232444e-09	-4.492517e-09	-3.853149e+01	-5.271034e+02
1.630000e-06	-4.208694e-09	-4.476795e-09	-3.831528e+01	-5.259591e+02
1.640000e-06	-4.184841e-09	-4.460397e-09	-3.809813e+01	-5.247996e+02
1.650000e-06	-4.160879e-09	-4.447845e-09	-3.787998e+01	-5.236258e+02
1.660000e-06	-4.136807e-09	-4.437488e-09	-3.766084e+01	-5.224386e+02
1.670000e-06	-4.112633e-09	-4.430992e-09	-3.744076e+01	-5.212388e+02
1.680000e-06	-4.088354e-09	-4.426909e-09	-3.721973e+01	-5.200275e+02
1.690000e-06	-4.063972e-09	-4.421780e-09	-3.699776e+01	-5.188055e+02
1.700000e-06	-4.039487e-09	-4.413109e-09	-3.677485e+01	-5.175738e+02
1.710000e-06	-4.014896e-09	-4.398108e-09	-3.655097e+01	-5.163333e+02
1.720000e-06	-3.990195e-09	-4.381947e-09	-3.632609e+01	-5.150850e+02
1.730000e-06	-3.965383e-09	-4.364494e-09	-3.610021e+01	-5.138295e+02
1.740000e-06	-3.940459e-09	-4.352570e-09	-3.587331e+01	-5.125679e+02
1.750000e-06	-3.915426e-09	-4.344810e-09	-3.564541e+01	-5.113007e+02
1.760000e-06	-3.890290e-09	-4.336800e-09	-3.541657e+01	-5.100287e+02
1.770000e-06	-3.865059e-09	-4.330131e-09	-3.518688e+01	-5.087525e+02
1.780000e-06	-3.839737e-09	-4.320498e-09	-3.495635e+01	-5.074726e+02
1.790000e-06	-3.814322e-09	-4.308491e-09	-3.472497e+01	-5.061894e+02
1.800000e-06	-3.788819e-09	-4.292142e-09	-3.449280e+01	-5.049033e+02
1.810000e-06	-3.763226e-09	-4.275100e-09	-3.425980e+01	-5.036145e+02
1.820000e-06	-3.737534e-09	-4.260489e-09	-3.402591e+01	-5.023231e+02
1.830000e-06	-3.711747e-09	-4.250503e-09	-3.379114e+01	-5.010292e+02
1.840000e-06	-3.685868e-09	-4.245384e-09	-3.355555e+01	-4.997326e+02
1.850000e-06	-3.659894e-09	-4.239855e-09	-3.331908e+01	-4.984331e+02
1.860000e-06	-3.633821e-09	-4.232637e-09	-3.308172e+01	-4.971304e+02
1.870000e-06	-3.607654e-09	-4.220790e-09	-3.284349e+01	-4.958242e+02
1.880000e-06	-3.581389e-09	-4.205856e-09	-3.260438e+01	-4.945137e+02
1.890000e-06	-3.555027e-09	-4.188952e-09	-3.236439e+01	-4.931983e+02
1.900000e-06	-3.528568e-09	-4.174975e-09	-3.212351e+01	-4.918773e+02
1.910000e-06	-3.502014e-09	-4.166065e-09	-3.188177e+01	-4.905498e+02
1.920000e-06	-3.475366e-09	-4.158235e-09	-3.163917e+01	-4.892148e+02
1.930000e-06	-3.448625e-09	-4.149850e-09	-3.139572e+01	-4.878712e+02
1.940000e-06	-3.421797e-09	-4.139112e-09	-3.115148e+01	-4.865179e+02
1.950000e-06	-3.394889e-09	-4.126210e-09	-3.090651e+01	-4.851536e+02
1.960000e-06	-3.367902e-09	-4.110253e-09	-3.066082e+01	-4.837771e+02
1.970000e-06	-3.340839e-09	-4.094184e-09	-3.041444e+01	-4.823870e+02
1.980000e-06	-3.313696e-09	-4.080632e-09	-3.016734e+01	-4.809819e+02
1.990000e-06	-3.286462e-09	-4.071070e-09	-2.991940e+01	-4.795604e+02
2.000000e-06	-3.259134e-09	-4.062326e-09	-2.967062e+01	-4.781210e+02
2.010000e-06	-3.231718e-09	-4.049904e-09	-2.942103e+01	-4.766622e+02
2.020000e-06	-3.204212e-09	-4.035592e-09	-2.917061e+01	-4.751826e+02
2.030000e-06	-3.176612e-09	-4.020894e-09	-2.891935e+01	-4.736807e+02
2.040000e-06	-3.148925e-09	-4.006290e-09	-2.866729e+01	-4.721551e+02
2.050000e-06	-3.121153e-09	-3.989177e-09	-2.841445e+01	-4.706044e+02
2.060000e-06	-3.093288e-09	-3.970692e-09	-2.816078e+01	-4.690272e+02
2.070000e-06	-3.065334e-09	-3.954057e-09	-2.790629e+01	-4.674222e+02
2.080000e-06	-3.037290e-09	-3.939746e-09	-2.765098e+01	-4.657883e+02
2.090000e-06	-3.009158e-09	-3.925561e-09	-2.739487e+01	-4.641242e+02
2.100000e-06	-2.980940e-09	-3.910004e-09	-2.713798e+01	-4.624288e+02
2.110000e-06	-2.952638e-09	-3.895713e-09	-2.688032e+01	-4.607013e+02
2.120000e-06	-2.924258e-09	-3.883134e-09	-2.662195e+01	-4.589407e+02
2.130000e-06	-2.895792e-09	-3.869756e-09	-2.636281e+01	-4.571464e+02
2.140000e-06	-2.867243e-09	-3.852339e-09	-2.610289e+01	-4.553176e+02
2.150000e-06	-2.838612e-09	-3.834336e-09	-2.584224e+01	-4.534538e+02
2.160000e-06	-2.809903e-09	-3.818051e-09	-2.558088e+01	-4.515546e+02
2.170000e-06	-2.781120e-09	-3.801339e-09	-2.531884e+01	-4.496198e+02
2.180000e-06	-2.752257e-09	-3.782979e-09	-2.505608e+01	-4.476492e+02
2.190000e-06	-2.723321e-09	-3.764331e-09	-2.479265e+01	-4.456429e+02
2.200000e-06	-2.694312e-09	-3.747740e-09	-2.452856e+01	-4.436008e+02
2.210000e-06	-2.665229e-09	-3.731981e-09	-2.426379e+01	-4.415232e+02
2.220000e-06	-2.636080e-09	-3.715037e-09	-2.399842e+01	-4.394105e+02
2.230000e-06	-2.606866e-09	-3.694367e-09	-2.373246e+01	-4.372632e+02
2.240000e-06	-2.577585e-09	-3.671681e-09	-2.346589e+01	-4.350818e+02
2.250000e-06	-2.548243e-09	-3.647118e-09	-2.319877e+01	-4.328669e+02
2.260000e-06	-2.518836e-09	-3.621749e-09	-2.293105e+01	-4.306193e+02
2.270000e-06	-2.489367e-09	-3.598888e-09	-2.266277e+01	-4.283399e+02
2.280000e-06	-2.459845e-09	-3.576206e-09	-2.239400e+01	-4.260295e+02
2.290000e-06	-2.430261e-09	-3.557339e-09	-2.212468e+01	-4.236891e+02
2.300000e-06	-2.400616e-09	-3.540497e-09	-2.185479e+01	-4.213198e+02
2.310000e-06	-2.370915e-09	-3.522763e-09	-2.158440e+01	-4.189225e+02
2.320000e-06	-2.341158e-09	-3.505564e-09	-2.131350e+01	-4.164984e+02
2.330000e-06	-2.311351e-09	-3.486833e-09	-2.104213e+01	-4.140486e+02
2.340000e-06	-2.281493e-09	-3.466555e-09	-2.077031e+01	-4.115740e+02
2.350000e-06	-2.251583e-09	-3.443020e-09	-2.049801e+01	-4.090758e+02
2.360000e-06	-2.221620e-09	-3.418791e-09	-2.022523e+01	-4.065550e+02
2.370000e-06	-2.191606e-09	-3.395235e-09	-1.995199e+01	-4.040125e+02
2.380000e-06	-2.161541e-09	-3.372017e-09	-1.967829e+01	-4.014493e+02
2.390000e-06	-2.131423e-09	-3.349673e-09	-1.940410e+01	-3.988663e+02
2.400000e-06	-2.101257e-09	-3.328479e-09	-1.912947e+01	-3.962640e+02
2.410000e-06	-2.071041e-09	-3.309749e-09	-1.885439e+01	-3.936434e+02
2.420000e-06	-2.040772e-09	-3.290641e-09	-1.857882e+01	-3.910047e+02
2.430000e-06	-2.010448e-09	-3.270205e-09	-1.830275e+01	-3.883486e+02
2.440000e-06	-1.980071e-09	-3.246879e-09	-1.802621e+01	-3.856752e+02
2.450000e-06	-1.949642e-09	-3.222070e-09	-1.774919e+01	-3.829847e+02
2.460000e-06	-1.919153e-09	-3.197188e-09	-1.747162e+01	-3.802772e+02
2.470000e-06	-1.888610e-09	-3.171935e-09	-1.719356e+01	-3.775523e+02
2.480000e-06	-1.858021e-09	-3.149596e-09	-1.691508e+01	-3.748099e+02
2.490000e-06	-1.827387e-09	-3.127495e-09	-1.663620e+01	-3.720494e+02
2.500000e-06	-1.796707e-09	-3.104365e-09	-1.635689e+01	-3.692700e+02
2.510000e-06	-1.765976e-09	-3.078809e-09	-1.607712e+01	-3.664710e+02
2.520000e-06	-1.735196e-09	-3.054371e-09	-1.579690e+01	-3.636512e+02
2.530000e-06	-1.704371e-09	-3.031017e-09	-1.551627e+01	-3.608095e+02
2.540000e-06	-1.673506e-09	-3.004275e-09	-1.523528e+01	-3.579445e+02
2.550000e-06	-1.642593e-09	-2.975468e-09	-1.495386e+01	-3.550544e+02
2.560000e-06	-1.611632e-09	-2.947519e-09	-1.467200e+01	-3.521377e+02
2.570000e-06	-1.580625e-09	-2.923126e-09	-1.438971e+01	-3.491922e+02
2.580000e-06	-1.549574e-09	-2.898535e-09	-1.410703e+01	-3.462159e+02
2.590000e-06	-1.518482e-09	-2.873376e-09	-1.382397e+01	-3.432064e+02
2.600000e-06	-1.487344e-09	-2.848509e-09	-1.354049e+01	-3.401613e+02
2.610000e-06	-1.456166e-09	-2.826401e-09	-1.325666e+01	-3.370781e+02
2.620000e-06	-1.424954e-09	-2.805518e-09	-1.297250e+01	-3.339539e+02
2.630000e-06	-1.393701e-09	-2.779980e-09	-1.268798e+01	-3.307858e+02
2.640000e-06	-1.362411e-09	-2.749881e-09	-1.240312e+01	-3.275708e+02
2.650000e-06	-1.331089e-09	-2.719393e-09	-1.211797e+01	-3.243058e+02
2.660000e-06	-1.299733e-09	-2.692669e-09	-1.183251e+01	-3.209876e+02
2.670000e-06	-1.268342e-09	-2.665360e-09	-1.154673e+01	-3.176127e+02
2.680000e-06	-1.236916e-09	-2.635451e-09	-1.126063e+01	-3.141778e+02
2.690000e-06	-1.205454e-09	-2.605221e-09	-1.097420e+01	-3.106794e+02
2.700000e-06	-1.173957e-09	-2.576143e-09	-1.068747e+01	-3.071139e+02
2.710000e-06	-1.142431e-09	-2.547731e-09	-1.040045e+01	-3.034778e+02
2.720000e-06	-1.110877e-09	-2.514621e-09	-1.011319e+01	-2.997673e+02
2.730000e-06	-1.079289e-09	-2.476955e-09	-9.825624e+00	-2.959789e+02
2.740000e-06	-1.047671e-09	-2.439878e-09	-9.537773e+00	-2.921089e+02
2.750000e-06	-1.016030e-09	-2.405629e-09	-9.249723e+00	-2.881537e+02
2.760000e-06	-9.843688e-10	-2.371085e-09	-8.961480e+00	-2.841095e+02
2.770000e-06	-9.526860e-10	-2.335765e-09	-8.673043e+00	-2.799729e+02
2.780000e-06	-9.209833e-10	-2.301340e-09	-8.384426e+00	-2.757403e+02
2.790000e-06	-8.892594e-10	-2.266821e-09	-8.095616e+00	-2.714081e+02
2.800000e-06	-8.575135e-10	-2.230831e-09	-7.806606e+00	-2.669730e+02
2.810000e-06	-8.257463e-10	-2.192928e-09	-7.517402e+00	-2.624316e+02
2.820000e-06	-7.939592e-10	-2.155121e-09	-7.228017e+00	-2.577808e+02
2.830000e-06	-7.621555e-10	-2.117681e-09	-6.938481e+00	-2.530172e+02
2.840000e-06	-7.303353e-10	-2.080068e-09	-6.648793e+00	-2.481381e+02
2.850000e-06	-6.984971e-10	-2.039397e-09	-6.358943e+00	-2.431404e+02
2.860000e-06	-6.666395e-10	-1.994874e-09	-6.068916e+00	-2.380215e+02
2.870000e-06	-6.347668e-10	-1.950481e-09	-5.778752e+00	-2.327788e+02
2.880000e-06	-6.028832e-10	-1.907363e-09	-5.488488e+00	-2.274099e+02
2.890000e-06	-5.709871e-10	-1.863347e-09	-5.198111e+00	-2.219125e+02
2.900000e-06	-5.390812e-10	-1.818121e-09	-4.907644e+00	-2.162846e+02
2.910000e-06	-5.071655e-10	-1.773526e-09	-4.617088e+00	-2.105244e+02
2.920000e-06	-4.752426e-10	-1.727830e-09	-4.326467e+00	-2.046303e+02
2.930000e-06	-4.433109e-10	-1.679704e-09	-4.035766e+00	-1.986009e+02
2.940000e-06	-4.113696e-10	-1.629625e-09	-3.744977e+00	-1.924349e+02
2.950000e-06	-3.794211e-10	-1.576060e-09	-3.454122e+00	-1.861315e+02
2.960000e-06	-3.474573e-10	-1.522141e-09	-3.163128e+00	-1.796899e+02
2.970000e-06	-3.154787e-10	-1.467298e-09	-2.872000e+00	-1.731098e+02
2.980000e-06	-2.834954e-10	-1.410422e-09	-2.580829e+00	-1.663910e+02
2.990000e-06	-2.515102e-10	-1.352105e-09	-2.289640e+00	-1.595336e+02
3.000000e-06	-2.195209e-10	-1.291713e-09	-1.998414e+00	-1.525380e+02
3.010000e-06	-1.875259e-10	-1.231197e-09	-1.707136e+00	-1.454050e+02
3.020000e-06	-1.555291e-10	-1.168471e-09	-1.415842e+00	-1.381355e+02
3.030000e-06	-1.235284e-10	-1.105410e-09	-1.124512e+00	-1.307308e+02
3.040000e-06	-9.152731e-11	-1.043638e-09	-8.331788e-01	-1.231925e+02
3.050000e-06	-5.953039e-11	-9.824267e-10	-5.418835e-01	-1.155226e+02
3.060000e-06	-2.753297e-11	-9.211637e-10	-2.505836e-01	-1.077233e+02
3.070000e-06	4.462295e-12	-8.555789e-10	4.069668e-02	-9.979727e+01
3.080000e-06	3.645806e-11	-7.859557e-10	3.319815e-01	-9.174733e+01
3.090000e-06	6.845422e-11	-7.116169e-10	6.232699e-01	-8.357677e+01
3.100000e-06	1.004493e-10	-6.354452e-10	9.145480e-01	-7.528915e+01
3.110000e-06	1.324430e-10	-5.615526e-10	1.205814e+00	-6.688840e+01
3.120000e-06	1.644286e-10	-4.909895e-10	1.497006e+00	-5.837874e+01
3.130000e-06	1.964094e-10	-4.233039e-10	1.788155e+00	-4.976476e+01
3.140000e-06	2.283883e-10	-3.515897e-10	2.079286e+00	-4.105137e+01
3.150000e-06	2.603613e-10	-2.766231e-10	2.370364e+00	-3.224378e+01
3.160000e-06	2.923283e-10	-1.984366e-10	2.661386e+00	-2.334754e+01
3.170000e-06	3.242821e-10	-1.161373e-10	2.952289e+00	-1.436850e+01
3.180000e-06	3.562221e-10	-3.141666e-11	3.243066e+00	-5.312826e+00
3.190000e-06	3.881563e-10	5.210708e-11	3.533790e+00	3.813044e+00
3.200000e-06	4.200832e-10	1.287369e-10	3.824448e+00	1.300238e+01
3.210000e-06	4.519992e-10	2.008187e-10	4.115006e+00	2.224819e+01
3.220000e-06	4.839024e-10	2.745474e-10	4.405449e+00	3.154324e+01
3.230000e-06	5.157930e-10	3.543879e-10	4.695776e+00	4.088003e+01
3.240000e-06	5.476746e-10	4.352562e-10	4.986021e+00	5.025087e+01
3.250000e-06	5.795458e-10	5.147275e-10	5.276172e+00	5.964786e+01
3.260000e-06	6.114031e-10	5.953507e-10	5.566197e+00	6.906293e+01
3.270000e-06	6.432484e-10	6.786371e-10	5.856111e+00	7.848784e+01
3.280000e-06	6.750798e-10	7.627444e-10	6.145900e+00	8.791423e+01
3.290000e-06	7.068961e-10	8.423231e-10	6.435551e+00	9.733362e+01
3.300000e-06	7.386952e-10	9.192411e-10	6.725045e+00	1.067375e+02
3.310000e-06	7.704756e-10	9.968003e-10	7.014369e+00	1.161171e+02
3.320000e-06	8.022372e-10	1.076854e-09	7.303523e+00	1.254640e+02
3.330000e-06	8.339774e-10	1.155101e-09	7.592481e+00	1.347693e+02
3.340000e-06	8.656966e-10	1.230051e-09	7.881247e+00	1.440247e+02
3.350000e-06	8.973959e-10	1.304714e-09	8.169834e+00	1.532213e+02
3.360000e-06	9.290731e-10	1.381367e-09	8.458219e+00	1.623509e+02
3.370000e-06	9.607267e-10	1.460750e-09	8.746388e+00	1.714050e+02
3.380000e-06	9.923576e-10	1.537701e-09	9.034352e+00	1.803755e+02
3.390000e-06	1.023966e-09	1.611577e-09	9.322108e+00	1.892542e+02
3.400000e-06	1.055549e-09	1.684404e-09	9.609642e+00	1.980334e+02
3.410000e-06	1.087107e-09	1.756697e-09	9.896934e+00	2.067055e+02
3.420000e-06	1.118632e-09	1.827420e-09	1.018394e+01	2.152632e+02
3.430000e-06	1.150126e-09	1.896809e-09	1.047065e+01	2.236994e+02
3.440000e-06	1.181587e-09	1.966889e-09	1.075707e+01	2.320074e+02
3.450000e-06	1.213009e-09	2.038848e-09	1.104313e+01	2.401809e+02
3.460000e-06	1.244399e-09	2.114624e-09	1.132890e+01	2.482138e+02
3.470000e-06	1.275755e-09	2.189731e-09	1.161436e+01	2.561005e+02
3.480000e-06	1.307074e-09	2.259971e-09	1.189949e+01	2.638357e+02
3.490000e-06	1.338360e-09	2.325476e-09	1.218431e+01	2.714148e+02
3.500000e-06	1.369610e-09	2.385526e-09	1.246881e+01	2.788333e+02
3.510000e-06	1.400824e-09	2.444207e-09	1.275297e+01	2.860874e+02
3.520000e-06	1.431996e-09	2.499341e-09	1.303676e+01	2.931736e+02
3.530000e-06	1.463127e-09	2.554635e-09	1.332017e+01	3.000889e+02
3.540000e-06	1.494217e-09	2.613944e-09	1.360321e+01	3.068310e+02
3.550000e-06	1.525269e-09	2.673425e-09	1.388590e+01	3.133978e+02
3.560000e-06	1.556277e-09	2.731676e-09	1.416819e+01	3.197879e+02
3.570000e-06	1.587236e-09	2.782651e-09	1.445003e+01	3.260003e+02
3.580000e-06	1.618148e-09	2.828069e-09	1.473145e+01	3.320344e+02
3.590000e-06	1.649014e-09	2.869244e-09	1.501245e+01	3.378902e+02
3.600000e-06	1.679835e-09	2.909241e-09	1.529304e+01	3.435683e+02
3.610000e-06	1.710611e-09	2.950359e-09	1.557322e+01	3.490695e+02
3.620000e-06	1.741340e-09	2.991964e-09	1.585298e+01	3.543952e+02
3.630000e-06	1.772024e-09	3.037937e-09	1.613232e+01	3.595472e+02
3.640000e-06	1.802660e-09	3.083279e-09	1.641122e+01	3.645278e+02
3.650000e-06	1.833245e-09	3.124950e-09	1.668967e+01	3.693395e+02
3.660000e-06	1.863781e-09	3.159735e-09	1.696766e+01	3.739855e+02
3.670000e-06	1.894264e-09	3.191027e-09	1.724517e+01	3.784691e+02
3.680000e-06	1.924693e-09	3.222991e-09	1.752219e+01	3.827941e+02
3.690000e-06	1.955067e-09	3.253642e-09	1.779871e+01	3.869644e+02
3.700000e-06	1.985384e-09	3.285483e-09	1.807471e+01	3.909843e+02
3.710000e-06	2.015647e-09	3.316747e-09	1.835022e+01	3.948585e+02
3.720000e-06	2.045861e-09	3.348376e-09	1.862528e+01	3.985918e+02
3.730000e-06	2.076028e-09	3.377927e-09	1.889992e+01	4.021891e+02
3.740000e-06	2.106145e-09	3.405928e-09	1.917410e+01	4.056555e+02
3.750000e-06	2.136208e-09	3.432085e-09	1.944779e+01	4.089966e+02
3.760000e-06	2.166220e-09	3.456223e-09	1.972102e+01	4.122175e+02
3.770000e-06	2.196177e-09	3.480761e-09	1.999375e+01	4.153239e+02
3.780000e-06	2.226076e-09	3.502336e-09	2.026594e+01	4.183213e+02
3.790000e-06	2.255923e-09	3.524740e-09	2.053766e+01	4.212153e+02
3.800000e-06	2.285715e-09	3.547401e-09	2.080888e+01	4.240113e+02
3.810000e-06	2.315451e-09	3.570438e-09	2.107960e+01	4.267151e+02
3.820000e-06	2.345132e-09	3.591944e-09	2.134980e+01	4.293320e+02
3.830000e-06	2.374754e-09	3.611422e-09	2.161949e+01	4.318674e+02
3.840000e-06	2.404318e-09	3.631616e-09	2.188863e+01	4.343266e+02
3.850000e-06	2.433822e-09	3.650735e-09	2.215723e+01	4.367149e+02
3.860000e-06	2.463264e-09	3.670908e-09	2.242526e+01	4.390371e+02
3.870000e-06	2.492640e-09	3.689762e-09	2.269270e+01	4.412982e+02
3.880000e-06	2.521951e-09	3.707887e-09	2.295954e+01	4.435027e+02
3.890000e-06	2.551205e-09	3.726070e-09	2.322586e+01	4.456552e+02
3.900000e-06	2.580397e-09	3.745148e-09	2.349162e+01	4.477600e+02
3.910000e-06	2.609516e-09	3.764567e-09	2.375672e+01	4.498209e+02
3.920000e-06	2.638561e-09	3.782981e-09	2.402114e+01	4.518418e+02
3.930000e-06	2.667536e-09	3.801400e-09	2.428493e+01	4.538263e+02
3.940000e-06	2.696445e-09	3.818697e-09	2.454811e+01	4.557777e+02
3.950000e-06	2.725281e-09	3.838517e-09	2.481062e+01	4.576989e+02
3.960000e-06	2.754040e-09	3.859210e-09	2.507244e+01	4.595929e+02
3.970000e-06	2.782729e-09	3.877554e-09	2.533362e+01	4.614621e+02
3.980000e-06	2.811346e-09	3.891631e-09	2.559415e+01	4.633088e+02
3.990000e-06	2.839886e-09	3.903642e-09	2.585397e+01	4.651352e+02
4.000000e-06	2.868344e-09	3.918011e-09	2.611305e+01	4.669430e+02
4.010000e-06	2.896726e-09	3.933346e-09	2.637144e+01	4.687337e+02
4.020000e-06	2.925025e-09	3.949119e-09	2.662906e+01	4.705088e+02
4.030000e-06	2.953237e-09	3.962197e-09	2.688590e+01	4.722693e+02
4.040000e-06	2.981365e-09	3.976228e-09	2.714197e+01	4.740162e+02
4.050000e-06	3.009402e-09	3.992855e-09	2.739722e+01	4.757502e+02
4.060000e-06	3.037354e-09	4.008204e-09	2.765169e+01	4.774718e+02
4.070000e-06	3.065221e-09	4.020684e-09	2.790539e+01	4.791813e+02
4.080000e-06	3.093000e-09	4.030575e-09	2.815828e+01	4.808790e+02
4.090000e-06	3.120694e-09	4.044021e-09	2.841041e+01	4.825649e+02
4.100000e-06	3.148308e-09	4.061138e-09	2.866180e+01	4.842388e+02
4.110000e-06	3.175838e-09	4.078648e-09	2.891243e+01	4.859007e+02
4.120000e-06	3.203277e-09	4.095063e-09	2.916223e+01	4.875501e+02
4.130000e-06	3.230623e-09	4.111533e-09	2.941118e+01	4.891866e+02
4.140000e-06	3.257881e-09	4.129261e-09	2.965933e+01	4.908098e+02
4.150000e-06	3.285053e-09	4.145415e-09	2.990670e+01	4.924191e+02
4.160000e-06	3.312143e-09	4.158110e-09	3.015332e+01	4.940138e+02
4.170000e-06	3.339152e-09	4.167931e-09	3.039921e+01	4.955933e+02
4.180000e-06	3.366080e-09	4.179079e-09	3.064436e+01	4.971568e+02
4.190000e-06	3.392930e-09	4.192323e-09	3.088880e+01	4.987038e+02
4.200000e-06	3.419702e-09	4.205446e-09	3.113253e+01	5.002335e+02
4.210000e-06	3.446391e-09	4.218666e-09	3.137550e+01	5.017451e+02
4.220000e-06	3.472988e-09	4.233944e-09	3.161764e+01	5.032380e+02
4.230000e-06	3.499486e-09	4.251887e-09	3.185887e+01	5.047114e+02
4.240000e-06	3.525883e-09	4.268459e-09	3.209919e+01	5.061648e+02
4.250000e-06	3.552184e-09	4.279909e-09	3.233863e+01	5.075975e+02
4.260000e-06	3.578393e-09	4.287835e-09	3.257723e+01	5.090090e+02
4.270000e-06	3.604509e-09	4.295733e-09	3.281498e+01	5.103987e+02
4.280000e-06	3.630531e-09	4.305401e-09	3.305188e+01	5.117661e+02
4.290000e-06	3.656461e-09	4.315829e-09	3.328795e+01	5.131109e+02
4.300000e-06	3.682296e-09	4.327293e-09	3.352314e+01	5.144327e+02
4.310000e-06	3.708031e-09	4.342341e-09	3.375743e+01	5.157312e+02
4.320000e-06	3.733673e-09	4.360197e-09	3.399087e+01	5.170062e+02
4.330000e-06	3.759220e-09	4.376111e-09	3.422345e+01	5.182575e+02
4.340000e-06	3.784676e-09	4.385931e-09	3.445519e+01	5.194851e+02
4.350000e-06	3.810045e-09	4.391859e-09	3.468615e+01	5.206889e+02
4.360000e-06	3.835327e-09	4.399640e-09	3.491631e+01	5.218690e+02
4.370000e-06	3.860520e-09	4.410682e-09	3.514567e+01	5.230255e+02
4.380000e-06	3.885622e-09	4.423413e-09	3.537419e+01	5.241586e+02
4.390000e-06	3.910626e-09	4.437669e-09	3.560182e+01	5.252685e+02
4.400000e-06	3.935528e-09	4.453394e-09	3.582853e+01	5.263555e+02
4.410000e-06	3.960323e-09	4.469536e-09	3.605426e+01	5.274200e+02
4.420000e-06	3.985009e-09	4.483030e-09	3.627899e+01	5.284624e+02
4.430000e-06	4.009584e-09	4.490696e-09	3.650272e+01	5.294832e+02
4.440000e-06	4.034050e-09	4.493899e-09	3.672545e+01	5.304829e+02
4.450000e-06	4.058413e-09	4.498470e-09	3.694725e+01	5.314621e+02
4.460000e-06	4.082667e-09	4.506703e-09	3.716806e+01	5.324214e+02
4.470000e-06	4.106811e-09	4.517807e-09	3.738786e+01	5.333613e+02
4.480000e-06	4.130849e-09	4.529734e-09	3.760670e+01	5.342827e+02
4.490000e-06	4.154781e-09	4.541111e-09	3.782458e+01	5.351863e+02
4.500000e-06	4.178612e-09	4.550656e-09	3.804153e+01	5.360727e+02
4.510000e-06	4.202335e-09	4.557662e-09	3.825750e+01	5.369429e+02
4.520000e-06	4.225949e-09	4.562529e-09	3.847247e+01	5.377974e+02
4.530000e-06	4.249450e-09	4.565916e-09	3.868643e+01	5.386373e+02
4.540000e-06	4.272830e-09	4.570348e-09	3.889927e+01	5.394632e+02
4.550000e-06	4.296080e-09	4.577126e-09	3.911093e+01	5.402761e+02
4.560000e-06	4.319198e-09	4.587271e-09	3.932139e+01	5.410767e+02
4.570000e-06	4.342186e-09	4.597867e-09	3.953068e+01	5.418660e+02
4.580000e-06	4.365051e-09	4.606727e-09	3.973884e+01	5.426447e+02
4.590000e-06	4.387802e-09	4.614507e-09	3.994596e+01	5.434136e+02
4.600000e-06	4.410436e-09	4.621707e-09	4.015202e+01	5.441736e+02
4.610000e-06	4.432950e-09	4.629348e-09	4.035698e+01	5.449256e+02
4.620000e-06	4.455347e-09	4.637589e-09	4.056088e+01	5.456702e+02
4.630000e-06	4.477635e-09	4.646636e-09	4.076378e+01	5.464082e+02
4.640000e-06	4.499820e-09	4.654049e-09	4.096575e+01	5.471404e+02
4.650000e-06	4.521903e-09	4.659174e-09	4.116680e+01	5.478675e+02
4.660000e-06	4.543882e-09	4.663862e-09	4.136689e+01	5.485901e+02
4.670000e-06	4.565758e-09	4.668419e-09	4.156604e+01	5.493089e+02
4.680000e-06	4.587523e-09	4.673879e-09	4.176419e+01	5.500246e+02
4.690000e-06	4.609164e-09	4.680309e-09	4.196120e+01	5.507375e+02
4.700000e-06	4.630673e-09	4.689687e-09	4.215702e+01	5.514484e+02
4.710000e-06	4.652053e-09	4.701917e-09	4.235166e+01	5.521575e+02
4.720000e-06	4.673309e-09	4.713160e-09	4.254517e+01	5.528654e+02
4.730000e-06	4.694445e-09	4.721541e-09	4.273759e+01	5.535723e+02
4.740000e-06	4.715459e-09	4.725868e-09	4.292889e+01	5.542787e+02
4.750000e-06	4.736343e-09	4.727924e-09	4.311902e+01	5.549846e+02
4.760000e-06	4.757103e-09	4.730178e-09	4.330802e+01	5.556904e+02
4.770000e-06	4.777745e-09	4.735449e-09	4.349594e+01	5.563962e+02
4.780000e-06	4.798270e-09	4.744988e-09	4.368279e+01	5.571019e+02
4.790000e-06	4.818683e-09	4.757394e-09	4.386863e+01	5.578077e+02
4.800000e-06	4.838983e-09	4.771223e-09	4.405344e+01	5.585134e+02
4.810000e-06	4.859158e-09	4.784373e-09	4.423711e+01	5.592189e+02
4.820000e-06	4.879197e-09	4.794195e-09	4.441954e+01	5.599242e+02
4.830000e-06	4.899100e-09	4.798886e-09	4.460073e+01	5.606288e+02
4.840000e-06	4.918863e-09	4.800676e-09	4.478066e+01	5.613326e+02
4.850000e-06	4.938487e-09	4.803630e-09	4.495931e+01	5.620352e+02
4.860000e-06	4.957978e-09	4.809118e-09	4.513675e+01	5.627362e+02
4.870000e-06	4.977339e-09	4.817873e-09	4.531301e+01	5.634351e+02
4.880000e-06	4.996570e-09	4.828679e-09	4.548808e+01	5.641315e+02
4.890000e-06	5.015675e-09	4.838184e-09	4.566202e+01	5.648248e+02
4.900000e-06	5.034662e-09	4.845333e-09	4.583487e+01	5.655145e+02
4.910000e-06	5.053532e-09	4.850961e-09	4.600666e+01	5.661999e+02
4.920000e-06	5.072290e-09	4.856275e-09	4.617743e+01	5.668805e+02
4.930000e-06	5.090933e-09	4.862074e-09	4.634715e+01	5.675556e+02
4.940000e-06	5.109444e-09	4.867589e-09	4.651568e+01	5.682245e+02
4.950000e-06	5.127813e-09	4.871330e-09	4.668290e+01	5.688866e+02
4.960000e-06	5.146032e-09	4.875053e-09	4.684877e+01	5.695412e+02
4.970000e-06	5.164108e-09	4.880564e-09	4.701333e+01	5.701877e+02
4.980000e-06	5.182044e-09	4.886350e-09	4.717661e+01	5.708254e+02
4.990000e-06	5.199841e-09	4.891902e-09	4.733863e+01	5.714536e+02
5.000000e-06	5.217504e-09	4.898430e-09	4.749943e+01	5.720718e+02
5.010000e-06	5.235037e-09	4.907544e-09	4.765905e+01	5.726794e+02
5.020000e-06	5.252447e-09	4.917286e-09	4.781755e+01	5.732758e+02
5.030000e-06	5.269739e-09	4.923519e-09	4.797497e+01	5.738606e+02
5.040000e-06	5.286914e-09	4.925133e-09	4.813133e+01	5.744333e+02
5.050000e-06	5.303975e-09	4.925775e-09	4.828665e+01	5.749935e+02
5.060000e-06	5.320912e-09	4.929870e-09	4.844084e+01	5.755408e+02
5.070000e-06	5.337720e-09	4.937693e-09	4.859386e+01	5.760751e+02
5.080000e-06	5.354394e-09	4.947977e-09	4.874565e+01	5.765962e+02
5.090000e-06	5.370930e-09	4.957900e-09	4.889620e+01	5.771038e+02
5.100000e-06	5.387329e-09	4.965575e-09	4.904550e+01	5.775980e+02
5.110000e-06	5.403585e-09	4.968812e-09	4.919348e+01	5.780787e+02
5.120000e-06	5.419696e-09	4.968196e-09	4.934016e+01	5.785462e+02
5.130000e-06	5.435663e-09	4.967363e-09	4.948552e+01	5.790005e+02
5.140000e-06	5.451490e-09	4.968427e-09	4.962960e+01	5.794419e+02
5.150000e-06	5.467181e-09	4.972476e-09	4.977245e+01	5.798708e+02
5.160000e-06	5.482729e-09	4.979105e-09	4.991400e+01	5.802875e+02
5.170000e-06	5.498128e-09	4.987741e-09	5.005419e+01	5.806926e+02
5.180000e-06	5.513371e-09	4.994391e-09	5.019296e+01	5.810867e+02
5.190000e-06	5.528444e-09	4.997970e-09	5.033018e+01	5.814702e+02
5.200000e-06	5.543345e-09	5.000438e-09	5.046583e+01	5.818440e+02
5.210000e-06	5.558080e-09	5.002071e-09	5.059998e+01	5.822087e+02
5.220000e-06	5.572661e-09	5.003132e-09	5.073272e+01	5.825652e+02
5.230000e-06	5.587101e-09	5.003280e-09	5.086418e+01	5.829142e+02
5.240000e-06	5.601404e-09	5.004970e-09	5.099440e+01	5.832567e+02
5.250000e-06	5.615570e-09	5.009447e-09	5.112336e+01	5.835934e+02
5.260000e-06	5.629601e-09	5.016062e-09	5.125110e+01	5.839253e+02
5.270000e-06	5.643505e-09	5.022464e-09	5.137767e+01	5.842534e+02
5.280000e-06	5.657279e-09	5.028324e-09	5.150307e+01	5.845784e+02
5.290000e-06	5.670914e-09	5.035717e-09	5.162720e+01	5.849014e+02
5.300000e-06	5.684384e-09	5.043215e-09	5.174983e+01	5.852232e+02
5.310000e-06	5.697680e-09	5.048901e-09	5.187088e+01	5.855446e+02
5.320000e-06	5.710814e-09	5.050802e-09	5.199045e+01	5.858665e+02
5.330000e-06	5.723806e-09	5.051327e-09	5.210872e+01	5.861897e+02
5.340000e-06	5.736663e-09	5.053173e-09	5.222577e+01	5.865148e+02
5.350000e-06	5.749385e-09	5.056623e-09	5.234159e+01	5.868426e+02
5.360000e-06	5.761973e-09	5.060580e-09	5.245619e+01	5.871736e+02
5.370000e-06	5.774428e-09	5.064799e-09	5.256958e+01	5.875084e+02
5.380000e-06	5.786759e-09	5.071444e-09	5.268183e+01	5.878473e+02
5.390000e-06	5.798969e-09	5.078254e-09	5.279299e+01	5.881908e+02
5.400000e-06	5.811042e-09	5.082660e-09	5.290290e+01	5.885391e+02
5.410000e-06	5.822951e-09	5.083533e-09	5.301132e+01	5.888923e+02
5.420000e-06	5.834675e-09	5.082248e-09	5.311806e+01	5.892505e+02
5.430000e-06	5.846223e-09	5.081009e-09	5.322318e+01	5.896138e+02
5.440000e-06	5.857613e-09	5.081361e-09	5.332688e+01	5.899818e+02
5.450000e-06	5.868864e-09	5.086095e-09	5.342930e+01	5.903545e+02
5.460000e-06	5.879977e-09	5.093086e-09	5.353048e+01	5.907315e+02
5.470000e-06	5.890948e-09	5.100739e-09	5.363036e+01	5.911123e+02
5.480000e-06	5.901772e-09	5.108327e-09	5.372890e+01	5.914964e+02
5.490000e-06	5.912436e-09	5.113908e-09	5.382597e+01	5.918832e+02
5.500000e-06	5.922922e-09	5.116955e-09	5.392144e+01	5.922721e+02
5.510000e-06	5.933216e-09	5.118250e-09	5.401515e+01	5.926621e+02
5.520000e-06	5.943308e-09	5.119452e-09	5.410703e+01	5.930525e+02
5.530000e-06	5.953211e-09	5.120683e-09	5.419719e+01	5.934424e+02
5.540000e-06	5.962955e-09	5.124735e-09	5.428589e+01	5.938308e+02
5.550000e-06	5.972555e-09	5.131138e-09	5.437329e+01	5.942167e+02
5.560000e-06	5.982013e-09	5.137580e-09	5.445939e+01	5.945989e+02
5.570000e-06	5.991326e-09	5.144011e-09	5.454418e+01	5.949766e+02
5.580000e-06	6.000501e-09	5.149428e-09	5.462771e+01	5.953484e+02
5.590000e-06	6.009550e-09	5.153802e-09	5.471008e+01	5.957134e+02
5.600000e-06	6.018473e-09	5.157293e-09	5.479132e+01	5.960704e+02
5.610000e-06	6.027248e-09	5.161757e-09	5.487120e+01	5.964184e+02
5.620000e-06	6.035834e-09	5.166497e-09	5.494937e+01	5.967563e+02
5.630000e-06	6.044224e-09	5.169344e-09	5.502575e+01	5.970831e+02
5.640000e-06	6.052446e-09	5.170312e-09	5.510060e+01	5.973977e+02
5.650000e-06	6.060524e-09	5.169905e-09	5.517414e+01	5.976994e+02
5.660000e-06	6.068463e-09	5.170723e-09	5.524642e+01	5.979871e+02
5.670000e-06	6.076256e-09	5.172507e-09	5.531736e+01	5.982602e+02
5.680000e-06	6.083902e-09	5.176362e-09	5.538697e+01	5.985180e+02
5.690000e-06	6.091408e-09	5.182663e-09	5.545530e+01	5.987598e+02
5.700000e-06	6.098791e-09	5.188319e-09	5.552252e+01	5.989851e+02
5.710000e-06	6.106040e-09	5.191111e-09	5.558851e+01	5.991935e+02
5.720000e-06	6.113113e-09	5.189899e-09	5.565290e+01	5.993847e+02
5.730000e-06	6.119985e-09	5.188659e-09	5.571547e+01	5.995584e+02
5.740000e-06	6.126670e-09	5.188978e-09	5.577632e+01	5.997147e+02
5.750000e-06	6.133200e-09	5.190078e-09	5.583577e+01	5.998535e+02
5.760000e-06	6.139595e-09	5.192409e-09	5.589399e+01	5.999749e+02
5.770000e-06	6.145846e-09	5.197757e-09	5.595089e+01	6.000792e+02
5.780000e-06	6.151945e-09	5.206241e-09	5.600642e+01	6.001666e+02
5.790000e-06	6.157900e-09	5.213055e-09	5.606063e+01	6.002378e+02
5.800000e-06	6.163725e-09	5.214316e-09	5.611367e+01	6.002931e+02
5.810000e-06	6.169428e-09	5.210111e-09	5.616558e+01	6.003332e+02
5.820000e-06	6.174974e-09	5.206152e-09	5.621608e+01	6.003589e+02
5.830000e-06	6.180311e-09	5.205186e-09	5.626466e+01	6.003710e+02
5.840000e-06	6.185440e-09	5.203903e-09	5.631136e+01	6.003702e+02
5.850000e-06	6.190401e-09	5.201462e-09	5.635651e+01	6.003577e+02
5.860000e-06	6.195208e-09	5.199869e-09	5.640028e+01	6.003342e+02
5.870000e-06	6.199862e-09	5.202618e-09	5.644265e+01	6.003010e+02
5.880000e-06	6.204365e-09	5.208060e-09	5.648364e+01	6.002590e+02
5.890000e-06	6.208723e-09	5.212497e-09	5.652331e+01	6.002093e+02
5.900000e-06	6.212948e-09	5.214111e-09	5.656178e+01	6.001530e+02
5.910000e-06	6.217053e-09	5.214829e-09	5.659915e+01	6.000913e+02
5.920000e-06	6.221020e-09	5.216190e-09	5.663526e+01	6.000252e+02
5.930000e-06	6.224821e-09	5.215362e-09	5.666987e+01	5.999557e+02
5.940000e-06	6.228452e-09	5.213347e-09	5.670292e+01	5.998840e+02
5.950000e-06	6.231920e-09	5.212376e-09	5.673449e+01	5.998109e+02
5.960000e-06	6.235218e-09	5.215071e-09	5.676451e+01	5.997375e+02
5.970000e-06	6.238333e-09	5.220218e-09	5.679288e+01	5.996646e+02
5.980000e-06	6.241276e-09	5.224003e-09	5.681967e+01	5.995930e+02
5.990000e-06	6.244057e-09	5.225949e-09	5.684498e+01	5.995235e+02
6.000000e-06	6.246681e-09	5.226081e-09	5.686887e+01	5.994567e+02
6.010000e-06	6.249137e-09	5.224942e-09	5.689124e+01	5.993931e+02
6.020000e-06	6.251393e-09	5.223012e-09	5.691177e+01	5.993333e+02
6.030000e-06	6.253429e-09	5.221955e-09	5.693031e+01	5.992775e+02
6.040000e-06	6.255278e-09	5.222925e-09	5.694714e+01	5.992261e+02
6.050000e-06	6.256984e-09	5.224844e-09	5.696267e+01	5.991792e+02
6.060000e-06	6.258548e-09	5.226474e-09	5.697690e+01	5.991369e+02
6.070000e-06	6.259955e-09	5.225555e-09	5.698972e+01	5.990990e+02
6.080000e-06	6.261204e-09	5.224132e-09	5.700109e+01	5.990656e+02
6.090000e-06	6.262306e-09	5.224697e-09	5.701112e+01	5.990362e+02
6.100000e-06	6.263283e-09	5.226706e-09	5.702002e+01	5.990106e+02
6.110000e-06	6.264130e-09	5.228977e-09	5.702773e+01	5.989883e+02
6.120000e-06	6.264798e-09	5.231141e-09	5.703381e+01	5.989688e+02
6.130000e-06	6.265251e-09	5.233243e-09	5.703793e+01	5.989515e+02
6.140000e-06	6.265513e-09	5.232411e-09	5.704031e+01	5.989358e+02
6.150000e-06	6.265629e-09	5.229718e-09	5.704137e+01	5.989208e+02
6.160000e-06	6.265611e-09	5.226504e-09	5.704120e+01	5.989058e+02
6.170000e-06	6.265445e-09	5.224580e-09	5.703969e+01	5.988899e+02
6.180000e-06	6.265130e-09	5.227351e-09	5.703683e+01	5.988722e+02
6.190000e-06	6.264674e-09	5.233107e-09	5.703267e+01	5.988519e+02
6.200000e-06	6.264092e-09	5.239669e-09	5.702737e+01	5.988280e+02
6.210000e-06	6.263385e-09	5.245160e-09	5.702093e+01	5.987996e+02
6.220000e-06	6.262514e-09	5.250879e-09	5.701300e+01	5.987657e+02
6.230000e-06	6.261448e-09	5.251296e-09	5.700330e+01	5.987254e+02
6.240000e-06	6.260204e-09	5.225607e-09	5.699197e+01	5.986779e+02
6.250000e-06	6.258798e-09	5.179227e-09	5.697917e+01	5.986223e+02
6.260000e-06	6.257181e-09	5.135304e-09	5.696446e+01	5.985577e+02
6.270000e-06	6.255274e-09	5.177249e-09	5.694709e+01	5.984834e+02
6.280000e-06	6.253137e-09	5.168501e-09	5.692764e+01	5.983987e+02
6.290000e-06	6.250925e-09	5.104506e-09	5.690750e+01	5.983029e+02
6.300000e-06	6.248606e-09	5.176925e-09	5.688639e+01	5.981956e+02
6.310000e-06	6.246095e-09	5.204437e-09	5.686353e+01	5.980761e+02
6.320000e-06	6.243441e-09	5.153418e-09	5.683936e+01	5.979442e+02
6.330000e-06	6.240645e-09	5.096878e-09	5.681391e+01	5.977994e+02
6.340000e-06	6.237668e-09	5.103038e-09	5.678681e+01	5.976417e+02
6.350000e-06	6.234510e-09	5.131492e-09	5.675805e+01	5.974708e+02
6.360000e-06	6.231196e-09	5.094966e-09	5.672789e+01	5.972868e+02
6.370000e-06	6.227730e-09	5.108597e-09	5.669633e+01	5.970898e+02
6.380000e-06	6.224117e-09	5.155041e-09	5.666344e+01	5.968798e+02
6.390000e-06	6.220401e-09	5.158208e-09	5.662961e+01	5.966573e+02
6.400000e-06	6.216565e-09	5.097092e-09	5.659469e+01	5.964226e+02
6.410000e-06	6.212519e-09	5.092372e-09	5.655785e+01	5.961760e+02
6.420000e-06	6.208235e-09	5.111116e-09	5.651885e+01	5.959183e+02
6.430000e-06	6.203779e-09	5.081580e-09	5.647828e+01	5.956499e+02
6.440000e-06	6.199159e-09	5.095496e-09	5.643622e+01	5.953717e+02
6.450000e-06	6.194360e-09	5.131468e-09	5.639254e+01	5.950843e+02
6.460000e-06	6.189434e-09	5.129655e-09	5.634769e+01	5.947886e+02
6.470000e-06	6.184404e-09	5.092867e-09	5.630190e+01	5.944854e+02
6.480000e-06	6.179233e-09	5.098352e-09	5.625482e+01	5.941758e+02
6.490000e-06	6.173891e-09	5.092142e-09	5.620618e+01	5.938606e+02
6.500000e-06	6.168383e-09	5.065463e-09	5.615604e+01	5.935408e+02
6.510000e-06	6.162695e-09	5.083751e-09	5.610426e+01	5.932175e+02
6.520000e-06	6.156810e-09	5.101936e-09	5.605069e+01	5.928916e+02
6.530000e-06	6.150746e-09	5.103494e-09	5.599548e+01	5.925642e+02
6.540000e-06	6.144518e-09	5.093520e-09	5.593878e+01	5.922361e+02
6.550000e-06	6.138140e-09	5.091390e-09	5.588071e+01	5.919085e+02
6.560000e-06	6.131620e-09	5.069289e-09	5.582135e+01	5.915822e+02
6.570000e-06	6.124945e-09	5.054059e-09	5.576059e+01	5.912581e+02
6.580000e-06	6.118105e-09	5.055734e-09	5.569831e+01	5.909371e+02
6.590000e-06	6.111127e-09	5.048026e-09	5.563479e+01	5.906200e+02
6.600000e-06	6.104030e-09	5.063145e-09	5.557018e+01	5.903075e+02
6.610000e-06	6.096784e-09	5.071065e-09	5.550421e+01	5.900002e+02
6.620000e-06	6.089341e-09	5.066089e-09	5.543645e+01	5.896987e+02
6.630000e-06	6.081685e-09	5.054997e-09	5.536675e+01	5.894035e+02
6.640000e-06	6.073860e-09	5.050204e-09	5.529551e+01	5.891151e+02
6.650000e-06	6.065898e-09	5.038306e-09	5.522303e+01	5.888338e+02
6.660000e-06	6.057791e-09	5.033146e-09	5.514922e+01	5.885597e+02
6.670000e-06	6.049527e-09	5.041932e-09	5.507399e+01	5.882930e+02
6.680000e-06	6.041117e-09	5.033721e-09	5.499742e+01	5.880338e+02
6.690000e-06	6.032577e-09	5.040329e-09	5.491967e+01	5.877820e+02
6.700000e-06	6.023912e-09	5.045579e-09	5.484079e+01	5.875374e+02
6.710000e-06	6.015095e-09	5.040619e-09	5.476053e+01	5.872998e+02
6.720000e-06	6.006109e-09	5.036979e-09	5.467871e+01	5.870688e+02
6.730000e-06	5.996959e-09	5.040636e-09	5.459541e+01	5.868440e+02
6.740000e-06	5.987663e-09	5.039553e-09	5.451078e+01	5.866249e+02
6.750000e-06	5.978221e-09	5.033984e-09	5.442482e+01	5.864109e+02
6.760000e-06	5.968606e-09	5.033723e-09	5.433730e+01	5.862014e+02
6.770000e-06	5.958819e-09	5.022360e-09	5.424819e+01	5.859955e+02
6.780000e-06	5.948876e-09	5.020772e-09	5.415767e+01	5.857925e+02
6.790000e-06	5.938778e-09	5.018158e-09	5.406574e+01	5.855915e+02
6.800000e-06	5.928504e-09	5.014382e-09	5.397221e+01	5.853917e+02
6.810000e-06	5.918030e-09	5.013847e-09	5.387686e+01	5.851920e+02
6.820000e-06	5.907357e-09	5.014917e-09	5.377969e+01	5.849915e+02
6.830000e-06	5.896494e-09	5.017289e-09	5.368080e+01	5.847893e+02
6.840000e-06	5.885467e-09	5.013506e-09	5.358041e+01	5.845842e+02
6.850000e-06	5.874298e-09	5.010182e-09	5.347872e+01	5.843753e+02
6.860000e-06	5.862989e-09	4.999773e-09	5.337577e+01	5.841616e+02
6.870000e-06	5.851542e-09	4.997514e-09	5.327156e+01	5.839420e+02
6.880000e-06	5.839960e-09	4.994612e-09	5.316611e+01	5.837156e+02
6.890000e-06	5.828247e-09	4.994174e-09	5.305948e+01	5.834814e+02
6.900000e-06	5.816400e-09	4.997090e-09	5.295162e+01	5.832386e+02
6.910000e-06	5.804409e-09	4.997954e-09	5.284246e+01	5.829861e+02
6.920000e-06	5.792246e-09	5.002665e-09	5.273173e+01	5.827232e+02
6.930000e-06	5.779898e-09	4.996220e-09	5.261932e+01	5.824492e+02
6.940000e-06	5.767376e-09	4.989121e-09	5.250532e+01	5.821632e+02
6.950000e-06	5.754701e-09	4.977540e-09	5.238992e+01	5.818648e+02
6.960000e-06	5.741887e-09	4.971837e-09	5.227327e+01	5.815532e+02
6.970000e-06	5.728934e-09	4.973471e-09	5.215535e+01	5.812280e+02
6.980000e-06	5.715841e-09	4.974971e-09	5.203615e+01	5.808889e+02
6.990000e-06	5.702605e-09	4.978550e-09	5.191565e+01	5.805354e+02
7.000000e-06	5.689233e-09	4.976889e-09	5.179391e+01	5.801673e+02
7.010000e-06	5.675731e-09	4.977406e-09	5.167100e+01	5.797845e+02
7.020000e-06	5.662081e-09	4.971195e-09	5.154672e+01	5.793868e+02
7.030000e-06	5.648258e-09	4.963709e-09	5.142088e+01	5.789744e+02
7.040000e-06	5.634261e-09	4.955333e-09	5.129345e+01	5.785472e+02
7.050000e-06	5.620102e-09	4.951346e-09	5.116455e+01	5.781055e+02
7.060000e-06	5.605793e-09	4.951746e-09	5.103428e+01	5.776496e+02
7.070000e-06	5.591342e-09	4.946770e-09	5.090272e+01	5.771796e+02
7.080000e-06	5.576754e-09	4.942352e-09	5.076992e+01	5.766962e+02
7.090000e-06	5.562025e-09	4.934497e-09	5.063583e+01	5.761996e+02
7.100000e-06	5.547145e-09	4.932717e-09	5.050036e+01	5.756906e+02
7.110000e-06	5.532102e-09	4.929723e-09	5.036341e+01	5.751695e+02
7.120000e-06	5.516887e-09	4.925815e-09	5.022489e+01	5.746372e+02
7.130000e-06	5.501497e-09	4.924236e-09	5.008479e+01	5.740943e+02
7.140000e-06	5.485943e-09	4.922122e-09	4.994319e+01	5.735414e+02
7.150000e-06	5.470230e-09	4.921649e-09	4.980013e+01	5.729795e+02
7.160000e-06	5.454366e-09	4.916264e-09	4.965571e+01	5.724092e+02
7.170000e-06	5.438371e-09	4.912236e-09	4.951010e+01	5.718313e+02
7.180000e-06	5.422254e-09	4.906729e-09	4.936337e+01	5.712466e+02
7.190000e-06	5.406010e-09	4.903480e-09	4.921549e+01	5.706560e+02
7.200000e-06	5.389633e-09	4.899558e-09	4.906639e+01	5.700601e+02
7.210000e-06	5.373125e-09	4.893388e-09	4.891610e+01	5.694599e+02
7.220000e-06	5.356489e-09	4.888579e-09	4.876465e+01	5.688560e+02
7.230000e-06	5.339719e-09	4.880999e-09	4.861198e+01	5.682492e+02
7.240000e-06	5.322807e-09	4.873529e-09	4.845801e+01	5.676401e+02
7.250000e-06	5.305738e-09	4.864051e-09	4.830262e+01	5.670293e+02
7.260000e-06	5.288509e-09	4.857776e-09	4.814577e+01	5.664175e+02
7.270000e-06	5.271125e-09	4.851477e-09	4.798751e+01	5.658052e+02
7.280000e-06	5.253607e-09	4.845527e-09	4.782803e+01	5.651928e+02
7.290000e-06	5.235966e-09	4.841153e-09	4.766743e+01	5.645807e+02
7.300000e-06	5.218206e-09	4.836029e-09	4.750574e+01	5.639692e+02
7.310000e-06	5.200330e-09	4.831190e-09	4.734300e+01	5.633586e+02
7.320000e-06	5.182335e-09	4.824322e-09	4.717917e+01	5.627491e+02
7.330000e-06	5.164212e-09	4.820297e-09	4.701419e+01	5.621407e+02
7.340000e-06	5.145963e-09	4.815610e-09	4.684805e+01	5.615333e+02
7.350000e-06	5.127578e-09	4.811137e-09	4.668068e+01	5.609271e+02
7.360000e-06	5.109048e-09	4.805806e-09	4.651198e+01	5.603216e+02
7.370000e-06	5.090371e-09	4.799518e-09	4.634195e+01	5.597168e+02
7.380000e-06	5.071552e-09	4.793747e-09	4.617062e+01	5.591122e+02
7.390000e-06	5.052591e-09	4.786341e-09	4.599801e+01	5.585075e+02
7.400000e-06	5.033492e-09	4.781747e-09	4.582413e+01	5.579021e+02
7.410000e-06	5.014268e-09	4.777388e-09	4.564912e+01	5.572955e+02
7.420000e-06	4.994929e-09	4.773967e-09	4.547306e+01	5.566871e+02
7.430000e-06	4.975482e-09	4.769119e-09	4.529601e+01	5.560760e+02
7.440000e-06	4.955919e-09	4.763422e-09	4.511792e+01	5.554617e+02
7.450000e-06	4.936235e-09	4.757535e-09	4.493872e+01	5.548431e+02
7.460000e-06	4.916433e-09	4.750712e-09	4.475843e+01	5.542195e+02
7.470000e-06	4.896505e-09	4.744864e-09	4.457702e+01	5.535900e+02
7.480000e-06	4.876444e-09	4.737108e-09	4.439439e+01	5.529537e+02
7.490000e-06	4.856247e-09	4.731214e-09	4.421051e+01	5.523094e+02
7.500000e-06	4.835910e-09	4.726041e-09	4.402537e+01	5.516563e+02
7.510000e-06	4.815427e-09	4.720419e-09	4.383889e+01	5.509935e+02
7.520000e-06	4.794803e-09	4.713160e-09	4.365114e+01	5.503197e+02
7.530000e-06	4.774056e-09	4.704857e-09	4.346226e+01	5.496342e+02
7.540000e-06	4.753191e-09	4.698691e-09	4.327231e+01	5.489359e+02
7.550000e-06	4.732213e-09	4.693418e-09	4.308132e+01	5.482239e+02
7.560000e-06	4.711129e-09	4.688795e-09	4.288938e+01	5.474972e+02
7.570000e-06	4.689940e-09	4.682565e-09	4.269647e+01	5.467550e+02
7.580000e-06	4.668638e-09	4.677585e-09	4.250255e+01	5.459964e+02
7.590000e-06	4.647229e-09	4.673977e-09	4.230764e+01	5.452208e+02
7.600000e-06	4.625711e-09	4.669424e-09	4.211174e+01	5.444273e+02
7.610000e-06	4.604079e-09	4.661894e-09	4.191481e+01	5.436154e+02
7.620000e-06	4.582333e-09	4.653550e-09	4.171683e+01	5.427844e+02
7.630000e-06	4.560465e-09	4.648336e-09	4.151776e+01	5.419339e+02
7.640000e-06	4.538470e-09	4.643509e-09	4.131751e+01	5.410635e+02
7.650000e-06	4.516340e-09	4.637964e-09	4.111605e+01	5.401729e+02
7.660000e-06	4.494085e-09	4.630301e-09	4.091344e+01	5.392618e+02
7.670000e-06	4.471716e-09	4.621728e-09	4.070980e+01	5.383301e+02
7.680000e-06	4.449236e-09	4.611931e-09	4.050514e+01	5.373778e+02
7.690000e-06	4.426637e-09	4.601383e-09	4.029940e+01	5.364049e+02
7.700000e-06	4.403912e-09	4.591535e-09	4.009252e+01	5.354116e+02
7.710000e-06	4.381055e-09	4.582224e-09	3.988443e+01	5.343981e+02
7.720000e-06	4.358067e-09	4.575007e-09	3.967515e+01	5.333648e+02
7.730000e-06	4.334956e-09	4.567542e-09	3.946476e+01	5.323120e+02
7.740000e-06	4.311723e-09	4.557649e-09	3.925324e+01	5.312403e+02
7.750000e-06	4.288367e-09	4.544348e-09	3.904062e+01	5.301502e+02
7.760000e-06	4.264894e-09	4.532037e-09	3.882692e+01	5.290424e+02
7.770000e-06	4.241295e-09	4.522141e-09	3.861208e+01	5.279176e+02
7.780000e-06	4.217562e-09	4.513025e-09	3.839602e+01	5.267766e+02
7.790000e-06	4.193702e-09	4.504802e-09	3.817879e+01	5.256202e+02
7.800000e-06	4.169726e-09	4.497586e-09	3.796052e+01	5.244492e+02
7.810000e-06	4.145650e-09	4.491812e-09	3.774134e+01	5.232646e+02
7.820000e-06	4.121486e-09	4.484554e-09	3.752135e+01	5.220673e+02
7.830000e-06	4.097232e-09	4.473763e-09	3.730054e+01	5.208582e+02
7.840000e-06	4.072887e-09	4.459229e-09	3.707891e+01	5.196382e+02
7.850000e-06	4.048447e-09	4.445041e-09	3.685641e+01	5.184084e+02
7.860000e-06	4.023901e-09	4.434899e-09	3.663295e+01	5.171696e+02
7.870000e-06	3.999245e-09	4.426675e-09	3.640849e+01	5.159226e+02
7.880000e-06	3.974479e-09	4.418636e-09	3.618302e+01	5.146685e+02
7.890000e-06	3.949603e-09	4.411667e-09	3.595655e+01	5.134079e+02
7.900000e-06	3.924626e-09	4.404206e-09	3.572916e+01	5.121416e+02
7.910000e-06	3.899546e-09	4.394596e-09	3.550084e+01	5.108704e+02
7.920000e-06	3.874362e-09	4.381368e-09	3.527157e+01	5.095948e+02
7.930000e-06	3.849075e-09	4.366722e-09	3.504136e+01	5.083154e+02
7.940000e-06	3.823681e-09	4.355867e-09	3.481018e+01	5.070327e+02
7.950000e-06	3.798177e-09	4.347369e-09	3.457799e+01	5.057469e+02
7.960000e-06	3.772572e-09	4.338170e-09	3.434488e+01	5.044584e+02
7.970000e-06	3.746876e-09	4.326697e-09	3.411095e+01	5.031674e+02
7.980000e-06	3.721095e-09	4.313547e-09	3.387625e+01	5.018737e+02
7.990000e-06	3.695235e-09	4.300497e-09	3.364082e+01	5.005774e+02
8.000000e-06	3.669292e-09	4.288062e-09	3.340464e+01	4.992783e+02
8.010000e-06	3.643255e-09	4.275069e-09	3.316760e+01	4.979761e+02
8.020000e-06	3.617118e-09	4.261433e-09	3.292965e+01	4.966703e+02
8.030000e-06	3.590886e-09	4.251485e-09	3.269084e+01	4.953605e+02
8.040000e-06	3.564564e-09	4.245321e-09	3.245121e+01	4.940459e+02
8.050000e-06	3.538150e-09	4.237830e-09	3.221073e+01	4.927259e+02
8.060000e-06	3.511644e-09	4.225680e-09	3.196943e+01	4.913995e+02
8.070000e-06	3.485048e-09	4.212353e-09	3.172730e+01	4.900659e+02
8.080000e-06	3.458361e-09	4.201671e-09	3.148435e+01	4.887239e+02
8.090000e-06	3.431581e-09	4.191935e-09	3.124054e+01	4.873725e+02
8.100000e-06	3.404711e-09	4.181358e-09	3.099592e+01	4.860103e+02
8.110000e-06	3.377754e-09	4.168848e-09	3.075052e+01	4.846362e+02
8.120000e-06	3.350710e-09	4.156403e-09	3.050431e+01	4.832488e+02
8.130000e-06	3.323577e-09	4.145776e-09	3.025730e+01	4.818467e+02
8.140000e-06	3.296353e-09	4.135403e-09	3.000945e+01	4.804284e+02
8.150000e-06	3.269040e-09	4.124432e-09	2.976079e+01	4.789926e+02
8.160000e-06	3.241642e-09	4.111920e-09	2.951137e+01	4.775378e+02
8.170000e-06	3.214158e-09	4.098454e-09	2.926116e+01	4.760624e+02
8.180000e-06	3.186593e-09	4.084424e-09	2.901021e+01	4.745651e+02
8.190000e-06	3.158945e-09	4.070610e-09	2.875851e+01	4.730443e+02
8.200000e-06	3.131210e-09	4.058554e-09	2.850602e+01	4.714987e+02
8.210000e-06	3.103391e-09	4.047360e-09	2.825275e+01	4.699270e+02
8.220000e-06	3.075486e-09	4.035085e-09	2.799871e+01	4.683277e+02
8.230000e-06	3.047495e-09	4.023102e-09	2.774388e+01	4.666997e+02
8.240000e-06	3.019417e-09	4.009015e-09	2.748826e+01	4.650418e+02
8.250000e-06	2.991254e-09	3.993041e-09	2.723188e+01	4.633529e+02
8.260000e-06	2.963015e-09	3.975345e-09	2.697479e+01	4.616320e+02
8.270000e-06	2.934696e-09	3.957796e-09	2.671698e+01	4.598783e+02
8.280000e-06	2.906297e-09	3.945549e-09	2.645843e+01	4.580909e+02
8.290000e-06	2.877816e-09	3.934568e-09	2.619915e+01	4.562692e+02
8.300000e-06	2.849253e-09	3.924459e-09	2.593912e+01	4.544126e+02
8.310000e-06	2.820610e-09	3.911962e-09	2.567835e+01	4.525207e+02
8.320000e-06	2.791885e-09	3.895356e-09	2.541685e+01	4.505932e+02
8.330000e-06	2.763083e-09	3.875670e-09	2.515464e+01	4.486300e+02
8.340000e-06	2.734211e-09	3.853084e-09	2.489179e+01	4.466310e+02
8.350000e-06	2.705271e-09	3.832360e-09	2.462833e+01	4.445962e+02
8.360000e-06	2.676269e-09	3.813745e-09	2.436430e+01	4.425259e+02
8.370000e-06	2.647212e-09	3.800562e-09	2.409976e+01	4.404204e+02
8.380000e-06	2.618098e-09	3.789783e-09	2.383472e+01	4.382802e+02
8.390000e-06	2.588926e-09	3.775772e-09	2.356914e+01	4.361057e+02
8.400000e-06	2.559698e-09	3.758169e-09	2.330305e+01	4.338976e+02
8.410000e-06	2.530411e-09	3.735231e-09	2.303642e+01	4.316567e+02
8.420000e-06	2.501057e-09	3.712162e-09	2.276919e+01	4.293837e+02
8.430000e-06	2.471635e-09	3.690243e-09	2.250134e+01	4.270795e+02
8.440000e-06	2.442142e-09	3.670257e-09	2.223283e+01	4.247452e+02
8.450000e-06	2.412581e-09	3.651156e-09	2.196371e+01	4.223817e+02
8.460000e-06	2.382961e-09	3.631887e-09	2.169406e+01	4.199901e+02
8.470000e-06	2.353283e-09	3.614177e-09	2.142387e+01	4.175713e+02
8.480000e-06	2.323546e-09	3.594276e-09	2.115315e+01	4.151266e+02
8.490000e-06	2.293754e-09	3.571627e-09	2.088193e+01	4.126569e+02
8.500000e-06	2.263910e-09	3.548183e-09	2.061024e+01	4.101634e+02
8.510000e-06	2.234011e-09	3.527176e-09	2.033804e+01	4.076470e+02
8.520000e-06	2.204052e-09	3.508265e-09	2.006529e+01	4.051087e+02
8.530000e-06	2.174036e-09	3.489848e-09	1.979203e+01	4.025496e+02
8.540000e-06	2.143968e-09	3.471065e-09	1.951830e+01	3.999703e+02
8.550000e-06	2.113842e-09	3.451023e-09	1.924404e+01	3.973718e+02
8.560000e-06	2.083658e-09	3.429334e-09	1.896925e+01	3.947547e+02
8.570000e-06	2.053413e-09	3.404281e-09	1.869390e+01	3.921195e+02
8.580000e-06	2.023107e-09	3.379273e-09	1.841800e+01	3.894667e+02
8.590000e-06	1.992746e-09	3.355960e-09	1.814160e+01	3.867966e+02
8.600000e-06	1.962330e-09	3.334255e-09	1.786470e+01	3.841094e+02
8.610000e-06	1.931862e-09	3.313653e-09	1.758731e+01	3.814051e+02
8.620000e-06	1.901346e-09	3.291986e-09	1.730950e+01	3.786836e+02
8.630000e-06	1.870788e-09	3.267733e-09	1.703131e+01	3.759445e+02
8.640000e-06	1.840188e-09	3.240287e-09	1.675273e+01	3.731874e+02
8.650000e-06	1.809544e-09	3.212353e-09	1.647375e+01	3.704117e+02
8.660000e-06	1.778857e-09	3.184008e-09	1.619438e+01	3.676165e+02
8.670000e-06	1.748127e-09	3.157351e-09	1.591462e+01	3.648008e+02
8.680000e-06	1.717357e-09	3.134401e-09	1.563450e+01	3.619634e+02
8.690000e-06	1.686546e-09	3.113825e-09	1.535400e+01	3.591029e+02
8.700000e-06	1.655688e-09	3.093070e-09	1.507307e+01	3.562179e+02
8.710000e-06	1.624786e-09	3.069171e-09	1.479174e+01	3.533064e+02
8.720000e-06	1.593841e-09	3.043026e-09	1.451002e+01	3.503666e+02
8.730000e-06	1.562852e-09	3.015535e-09	1.422790e+01	3.473965e+02
8.740000e-06	1.531821e-09	2.988236e-09	1.394540e+01	3.443937e+02
8.750000e-06	1.500746e-09	2.961624e-09	1.366249e+01	3.413558e+02
8.760000e-06	1.469629e-09	2.934334e-09	1.337921e+01	3.382803e+02
8.770000e-06	1.438472e-09	2.906625e-09	1.309556e+01	3.351644e+02
8.780000e-06	1.407278e-09	2.878408e-09	1.281158e+01	3.320052e+02
8.790000e-06	1.376057e-09	2.851077e-09	1.252734e+01	3.287998e+02
8.800000e-06	1.344800e-09	2.826263e-09	1.224279e+01	3.255450e+02
8.810000e-06	1.313507e-09	2.803120e-09	1.195790e+01	3.222377e+02
8.820000e-06	1.282182e-09	2.780385e-09	1.167272e+01	3.188744e+02
8.830000e-06	1.250826e-09	2.753059e-09	1.138726e+01	3.154518e+02
8.840000e-06	1.219437e-09	2.718985e-09	1.110150e+01	3.119664e+02
8.850000e-06	1.188012e-09	2.680386e-09	1.081542e+01	3.084146e+02
8.860000e-06	1.156551e-09	2.641905e-09	1.052900e+01	3.047930e+02
8.870000e-06	1.125057e-09	2.607556e-09	1.024228e+01	3.010977e+02
8.880000e-06	1.093531e-09	2.576278e-09	9.955271e+00	2.973253e+02
8.890000e-06	1.061978e-09	2.548187e-09	9.668016e+00	2.934720e+02
8.900000e-06	1.030400e-09	2.520510e-09	9.380535e+00	2.895343e+02
8.910000e-06	9.987989e-10	2.489921e-09	9.092846e+00	2.855083e+02
8.920000e-06	9.671766e-10	2.452914e-09	8.804962e+00	2.813907e+02
8.930000e-06	9.355272e-10	2.407296e-09	8.516830e+00	2.771777e+02
8.940000e-06	9.038536e-10	2.358021e-09	8.228479e+00	2.728659e+02
8.950000e-06	8.721582e-10	2.311250e-09	7.939928e+00	2.684518e+02
8.960000e-06	8.404399e-10	2.271162e-09	7.651170e+00	2.639322e+02
8.970000e-06	8.086973e-10	2.234911e-09	7.362190e+00	2.593037e+02
8.980000e-06	7.769314e-10	2.199684e-09	7.072998e+00	2.545631e+02
8.990000e-06	7.451460e-10	2.163280e-09	6.783628e+00	2.497076e+02
9.000000e-06	7.133376e-10	2.122705e-09	6.494049e+00	2.447341e+02
9.010000e-06	6.815089e-10	2.075516e-09	6.204286e+00	2.396398e+02
9.020000e-06	6.496642e-10	2.022765e-09	5.914376e+00	2.344223e+02
9.030000e-06	6.178010e-10	1.970253e-09	5.624298e+00	2.290790e+02
9.040000e-06	5.859243e-10	1.921243e-09	5.334097e+00	2.236077e+02
9.050000e-06	5.540373e-10	1.878271e-09	5.043803e+00	2.180063e+02
9.060000e-06	5.221414e-10	1.834849e-09	4.753427e+00	2.122729e+02
9.070000e-06	4.902328e-10	1.787012e-09	4.462935e+00	2.064059e+02
9.080000e-06	4.583109e-10	1.734422e-09	4.172322e+00	2.004038e+02
9.090000e-06	4.263764e-10	1.673916e-09	3.881596e+00	1.942654e+02
9.100000e-06	3.944263e-10	1.609291e-09	3.590726e+00	1.879897e+02
9.110000e-06	3.624645e-10	1.543389e-09	3.299751e+00	1.815760e+02
9.120000e-06	3.304940e-10	1.483232e-09	3.008696e+00	1.750238e+02
9.130000e-06	2.985166e-10	1.432321e-09	2.717578e+00	1.683328e+02
9.140000e-06	2.665307e-10	1.385108e-09	2.426383e+00	1.615033e+02
9.150000e-06	2.345378e-10	1.335166e-09	2.135124e+00	1.545354e+02
9.160000e-06	2.025379e-10	1.275743e-09	1.843802e+00	1.474299e+02
9.170000e-06	1.705337e-10	1.207049e-09	1.552440e+00	1.401877e+02
9.180000e-06	1.385303e-10	1.130220e-09	1.261086e+00	1.328100e+02
9.190000e-06	1.065271e-10	1.050281e-09	9.697340e-01	1.252984e+02
9.200000e-06	7.452160e-11	9.754480e-10	6.783603e-01	1.176547e+02
9.210000e-06	4.251376e-11	9.111946e-10	3.869656e-01	1.098812e+02
9.220000e-06	1.050940e-11	8.548133e-10	9.560252e-02	1.019803e+02
9.230000e-06	-2.149662e-11	7.969242e-10	-1.957757e-01	9.395499e+01
9.240000e-06	-5.350585e-11	7.324475e-10	-4.871833e-01	8.580833e+01
9.250000e-06	-8.551062e-11	6.592080e-10	-7.785503e-01	7.754387e+01
9.260000e-06	-1.175103e-10	5.785702e-10	-1.069871e+00	6.916546e+01
9.270000e-06	-1.495076e-10	4.937013e-10	-1.361169e+00	6.067728e+01
9.280000e-06	-1.815015e-10	4.093519e-10	-1.652437e+00	5.208382e+01
9.290000e-06	-2.134909e-10	3.294978e-10	-1.943664e+00	4.338995e+01
9.300000e-06	-2.454730e-10	2.572314e-10	-2.234825e+00	3.460081e+01
9.310000e-06	-2.774451e-10	1.894965e-10	-2.525894e+00	2.572189e+01
9.320000e-06	-3.094058e-10	1.194671e-10	-2.816860e+00	1.675898e+01
9.330000e-06	-3.413534e-10	4.429614e-11	-3.107706e+00	7.718180e+00
9.340000e-06	-3.732888e-10	-3.589645e-11	-3.398442e+00	-1.394121e+00
9.350000e-06	-4.052145e-10	-1.182541e-10	-3.689088e+00	-1.057125e+01
9.360000e-06	-4.371294e-10	-2.024685e-10	-3.979637e+00	-1.980627e+01
9.370000e-06	-4.690326e-10	-2.868562e-10	-4.270079e+00	-2.909198e+01
9.380000e-06	-5.009214e-10	-3.706540e-10	-4.560390e+00	-3.842095e+01
9.390000e-06	-5.327971e-10	-4.512438e-10	-4.850581e+00	-4.778551e+01
9.400000e-06	-5.646616e-10	-5.272663e-10	-5.140671e+00	-5.717782e+01
9.410000e-06	-5.965095e-10	-6.034382e-10	-5.430609e+00	-6.658982e+01
9.420000e-06	-6.283394e-10	-6.818936e-10	-5.720384e+00	-7.601331e+01
9.430000e-06	-6.601541e-10	-7.616939e-10	-6.010020e+00	-8.543996e+01
9.440000e-06	-6.919482e-10	-8.400117e-10	-6.299469e+00	-9.486131e+01
9.450000e-06	-7.237166e-10	-9.184913e-10	-6.588684e+00	-1.042688e+02
9.460000e-06	-7.554607e-10	-9.988612e-10	-6.877676e+00	-1.136539e+02
9.470000e-06	-7.871833e-10	-1.078757e-09	-7.166474e+00	-1.230078e+02
9.480000e-06	-8.188862e-10	-1.155260e-09	-7.455093e+00	-1.323220e+02
9.490000e-06	-8.505663e-10	-1.229329e-09	-7.743504e+00	-1.415879e+02
9.500000e-06	-8.822224e-10	-1.303639e-09	-8.031696e+00	-1.507969e+02
9.510000e-06	-9.138525e-10	-1.379310e-09	-8.319651e+00	-1.599404e+02
9.520000e-06	-9.454593e-10	-1.457727e-09	-8.607394e+00	-1.690101e+02
9.530000e-06	-9.770434e-10	-1.536713e-09	-8.894932e+00	-1.779978e+02
9.540000e-06	-1.008601e-09	-1.615569e-09	-9.182226e+00	-1.868953e+02
9.550000e-06	-1.040130e-09	-1.693397e-09	-9.469263e+00	-1.956950e+02
9.560000e-06	-1.071632e-09	-1.769157e-09	-9.756049e+00	-2.043890e+02
9.570000e-06	-1.103105e-09	-1.842229e-09	-1.004257e+01	-2.129700e+02
9.580000e-06	-1.134546e-09	-1.912842e-09	-1.032881e+01	-2.214309e+02
9.590000e-06	-1.165954e-09	-1.984782e-09	-1.061474e+01	-2.297650e+02
9.600000e-06	-1.197327e-09	-2.058200e-09	-1.090036e+01	-2.379658e+02
9.610000e-06	-1.228669e-09	-2.132017e-09	-1.118569e+01	-2.460272e+02
9.620000e-06	-1.259978e-09	-2.203715e-09	-1.147072e+01	-2.539435e+02
9.630000e-06	-1.291253e-09	-2.273093e-09	-1.175545e+01	-2.617094e+02
9.640000e-06	-1.322499e-09	-2.341638e-09	-1.203990e+01	-2.693200e+02
9.650000e-06	-1.353713e-09	-2.409097e-09	-1.232407e+01	-2.767709e+02
9.660000e-06	-1.384887e-09	-2.476005e-09	-1.260788e+01	-2.840582e+02
9.670000e-06	-1.416026e-09	-2.541505e-09	-1.289136e+01	-2.911782e+02
9.680000e-06	-1.447124e-09	-2.606387e-09	-1.317447e+01	-2.981280e+02
9.690000e-06	-1.478178e-09	-2.670041e-09	-1.345719e+01	-3.049050e+02
9.700000e-06	-1.509195e-09	-2.730703e-09	-1.373956e+01	-3.115071e+02
9.710000e-06	-1.540165e-09	-2.787840e-09	-1.402151e+01	-3.179328e+02
9.720000e-06	-1.571089e-09	-2.843677e-09	-1.430303e+01	-3.241809e+02
9.730000e-06	-1.601970e-09	-2.900260e-09	-1.458417e+01	-3.302508e+02
9.740000e-06	-1.632806e-09	-2.955821e-09	-1.486490e+01	-3.361425e+02
9.750000e-06	-1.663602e-09	-3.008850e-09	-1.514526e+01	-3.418562e+02
9.760000e-06	-1.694359e-09	-3.058704e-09	-1.542526e+01	-3.473929e+02
9.770000e-06	-1.725076e-09	-3.106613e-09	-1.570490e+01	-3.527538e+02
9.780000e-06	-1.755754e-09	-3.152565e-09	-1.598420e+01	-3.579407e+02
9.790000e-06	-1.786395e-09	-3.196221e-09	-1.626315e+01	-3.629556e+02
9.800000e-06	-1.816994e-09	-3.237614e-09	-1.654171e+01	-3.678012e+02
9.810000e-06	-1.847545e-09	-3.277223e-09	-1.681985e+01	-3.724804e+02
9.820000e-06	-1.878049e-09	-3.317226e-09	-1.709755e+01	-3.769966e+02
9.830000e-06	-1.908504e-09	-3.356522e-09	-1.737480e+01	-3.813533e+02
9.840000e-06	-1.938908e-09	-3.393374e-09	-1.765160e+01	-3.855545e+02
9.850000e-06	-1.969260e-09	-3.427926e-09	-1.792792e+01	-3.896045e+02
9.860000e-06	-1.999557e-09	-3.463393e-09	-1.820374e+01	-3.935079e+02
9.870000e-06	-2.029797e-09	-3.500823e-09	-1.847904e+01	-3.972693e+02
9.880000e-06	-2.059982e-09	-3.537475e-09	-1.875384e+01	-4.008938e+02
9.890000e-06	-2.090109e-09	-3.570413e-09	-1.902811e+01	-4.043864e+02
9.900000e-06	-2.120177e-09	-3.598073e-09	-1.930185e+01	-4.077525e+02
9.910000e-06	-2.150190e-09	-3.623727e-09	-1.957508e+01	-4.109974e+02
9.920000e-06	-2.180146e-09	-3.648598e-09	-1.984780e+01	-4.141266e+02
9.930000e-06	-2.210042e-09	-3.672020e-09	-2.011997e+01	-4.171458e+02
9.940000e-06	-2.239880e-09	-3.693365e-09	-2.039161e+01	-4.200603e+02
9.950000e-06	-2.269664e-09	-3.715276e-09	-2.066276e+01	-4.228759e+02
9.960000e-06	-2.299394e-09	-3.741737e-09	-2.093342e+01	-4.255981e+02
9.970000e-06	-2.329069e-09	-3.770587e-09	-2.120357e+01	-4.282322e+02
9.980000e-06	-2.358685e-09	-3.799478e-09	-2.147319e+01	-4.307839e+02
9.990000e-06	-2.388237e-09	-3.825675e-09	-2.174222e+01	-4.332583e+02
1.000000e-05	-2.417723e-09	-3.848439e-09	-2.201066e+01	-4.356606e+02
1.001000e-05	-2.447144e-09	-3.867459e-09	-2.227851e+01	-4.379959e+02
1.002000e-05	-2.476505e-09	-3.883034e-09	-2.254581e+01	-4.402691e+02
1.003000e-05	-2.505806e-09	-3.898148e-09	-2.281256e+01	-4.424849e+02
1.004000e-05	-2.535041e-09	-3.915357e-09	-2.307870e+01	-4.446477e+02
1.005000e-05	-2.564214e-09	-3.938437e-09	-2.334430e+01	-4.467619e+02
1.006000e-05	-2.593330e-09	-3.965852e-09	-2.360936e+01	-4.488314e+02
1.007000e-05	-2.622387e-09	-3.992447e-09	-2.387389e+01	-4.508603e+02
1.008000e-05	-2.651378e-09	-4.014212e-09	-2.413782e+01	-4.528519e+02
1.009000e-05	-2.680304e-09	-4.028035e-09	-2.440116e+01	-4.548098e+02
1.010000e-05	-2.709166e-09	-4.038450e-09	-2.466392e+01	-4.567370e+02
1.011000e-05	-2.737956e-09	-4.047835e-09	-2.492601e+01	-4.586363e+02
1.012000e-05	-2.766669e-09	-4.059323e-09	-2.518741e+01	-4.605103e+02
1.013000e-05	-2.795304e-09	-4.076031e-09	-2.544811e+01	-4.623614e+02
1.014000e-05	-2.823866e-09	-4.094689e-09	-2.570812e+01	-4.641918e+02
1.015000e-05	-2.852349e-09	-4.114912e-09	-2.596743e+01	-4.660031e+02
1.016000e-05	-2.880747e-09	-4.131214e-09	-2.622596e+01	-4.677972e+02
1.017000e-05	-2.909059e-09	-4.144214e-09	-2.648371e+01	-4.695753e+02
1.018000e-05	-2.937291e-09	-4.156199e-09	-2.674073e+01	-4.713386e+02
1.019000e-05	-2.965448e-09	-4.168029e-09	-2.699707e+01	-4.730881e+02
1.020000e-05	-2.993528e-09	-4.182656e-09	-2.725270e+01	-4.748245e+02
1.021000e-05	-3.021529e-09	-4.197090e-09	-2.750762e+01	-4.765484e+02
1.022000e-05	-3.049447e-09	-4.213268e-09	-2.776178e+01	-4.782603e+02
1.023000e-05	-3.077274e-09	-4.228093e-09	-2.801511e+01	-4.799602e+02
1.024000e-05	-3.105011e-09	-4.239891e-09	-2.826763e+01	-4.816483e+02
1.025000e-05	-3.132660e-09	-4.251229e-09	-2.851934e+01	-4.833246e+02
1.026000e-05	-3.160226e-09	-4.262031e-09	-2.877030e+01	-4.849887e+02
1.027000e-05	-3.187712e-09	-4.276226e-09	-2.902052e+01	-4.866405e+02
1.028000e-05	-3.215114e-09	-4.291549e-09	-2.926998e+01	-4.882795e+02
1.029000e-05	-3.242433e-09	-4.309278e-09	-2.951869e+01	-4.899053e+02
1.030000e-05	-3.269673e-09	-4.327170e-09	-2.976668e+01	-4.915172e+02
1.031000e-05	-3.296832e-09	-4.343032e-09	-3.001393e+01	-4.931147e+02
1.032000e-05	-3.323904e-09	-4.357451e-09	-3.026040e+01	-4.946972e+02
1.033000e-05	-3.350888e-09	-4.367556e-09	-3.050605e+01	-4.962639e+02
1.034000e-05	-3.377782e-09	-4.377047e-09	-3.075089e+01	-4.978141e+02
1.035000e-05	-3.404586e-09	-4.385282e-09	-3.099491e+01	-4.993472e+02
1.036000e-05	-3.431298e-09	-4.396918e-09	-3.123810e+01	-5.008623e+02
1.037000e-05	-3.457923e-09	-4.412932e-09	-3.148049e+01	-5.023589e+02
1.038000e-05	-3.484460e-09	-4.428871e-09	-3.172207e+01	-5.038362e+02
1.039000e-05	-3.510904e-09	-4.441592e-09	-3.196282e+01	-5.052935e+02
1.040000e-05	-3.537255e-09	-4.449243e-09	-3.220271e+01	-5.067304e+02
1.041000e-05	-3.563512e-09	-4.455250e-09	-3.244175e+01	-5.081460e+02
1.042000e-05	-3.589674e-09	-4.458792e-09	-3.267992e+01	-5.095401e+02
1.043000e-05	-3.615743e-09	-4.464111e-09	-3.291725e+01	-5.109120e+02
1.044000e-05	-3.641726e-09	-4.474810e-09	-3.315380e+01	-5.122613e+02
1.045000e-05	-3.667624e-09	-4.491786e-09	-3.338957e+01	-5.135877e+02
1.046000e-05	-3.693440e-09	-4.511864e-09	-3.362459e+01	-5.148909e+02
1.047000e-05	-3.719174e-09	-4.526979e-09	-3.385887e+01	-5.161706e+02
1.048000e-05	-3.744821e-09	-4.537466e-09	-3.409236e+01	-5.174267e+02
1.049000e-05	-3.770376e-09	-4.545162e-09	-3.432501e+01	-5.186591e+02
1.050000e-05	-3.795836e-09	-4.551013e-09	-3.455679e+01	-5.198678e+02
1.051000e-05	-3.821195e-09	-4.556309e-09	-3.478766e+01	-5.210527e+02
1.052000e-05	-3.846444e-09	-4.563272e-09	-3.501752e+01	-5.222140e+02
1.053000e-05	-3.871587e-09	-4.575576e-09	-3.524642e+01	-5.233519e+02
1.054000e-05	-3.896627e-09	-4.592128e-09	-3.547437e+01	-5.244665e+02
1.055000e-05	-3.921563e-09	-4.605985e-09	-3.570139e+01	-5.255582e+02
1.056000e-05	-3.946400e-09	-4.612344e-09	-3.592750e+01	-5.266273e+02
1.057000e-05	-3.971132e-09	-4.615372e-09	-3.615266e+01	-5.276743e+02
1.058000e-05	-3.995755e-09	-4.619243e-09	-3.637682e+01	-5.286995e+02
1.059000e-05	-4.020269e-09	-4.625668e-09	-3.660000e+01	-5.297036e+02
1.060000e-05	-4.044678e-09	-4.635523e-09	-3.682221e+01	-5.306870e+02
1.061000e-05	-4.068983e-09	-4.645499e-09	-3.704348e+01	-5.316503e+02
1.062000e-05	-4.093191e-09	-4.654702e-09	-3.726387e+01	-5.325943e+02
1.063000e-05	-4.117299e-09	-4.662809e-09	-3.748334e+01	-5.335196e+02
1.064000e-05	-4.141309e-09	-4.667685e-09	-3.770193e+01	-5.344268e+02
1.065000e-05	-4.165213e-09	-4.669824e-09	-3.791954e+01	-5.353168e+02
1.066000e-05	-4.188999e-09	-4.672500e-09	-3.813609e+01	-5.361903e+02
1.067000e-05	-4.212667e-09	-4.678995e-09	-3.835155e+01	-5.370481e+02
1.068000e-05	-4.236215e-09	-4.688715e-09	-3.856594e+01	-5.378910e+02
1.069000e-05	-4.259644e-09	-4.698270e-09	-3.877923e+01	-5.387198e+02
1.070000e-05	-4.282954e-09	-4.705690e-09	-3.899144e+01	-5.395354e+02
1.071000e-05	-4.306141e-09	-4.710939e-09	-3.920253e+01	-5.403386e+02
1.072000e-05	-4.329201e-09	-4.714698e-09	-3.941247e+01	-5.411302e+02
1.073000e-05	-4.352134e-09	-4.717290e-09	-3.962124e+01	-5.419110e+02
1.074000e-05	-4.374942e-09	-4.719536e-09	-3.982888e+01	-5.426820e+02
1.075000e-05	-4.397627e-09	-4.724517e-09	-4.003540e+01	-5.434438e+02
1.076000e-05	-4.420179e-09	-4.733965e-09	-4.024071e+01	-5.441974e+02
1.077000e-05	-4.442600e-09	-4.745463e-09	-4.044483e+01	-5.449435e+02
1.078000e-05	-4.464898e-09	-4.754135e-09	-4.064782e+01	-5.456828e+02
1.079000e-05	-4.487076e-09	-4.758569e-09	-4.084973e+01	-5.464162e+02
1.080000e-05	-4.509130e-09	-4.761121e-09	-4.105051e+01	-5.471442e+02
1.081000e-05	-4.531055e-09	-4.763986e-09	-4.125011e+01	-5.478677e+02
1.082000e-05	-4.552857e-09	-4.766848e-09	-4.144859e+01	-5.485873e+02
1.083000e-05	-4.574548e-09	-4.768652e-09	-4.164606e+01	-5.493035e+02
1.084000e-05	-4.596140e-09	-4.770489e-09	-4.184263e+01	-5.500169e+02
1.085000e-05	-4.617626e-09	-4.774132e-09	-4.203823e+01	-5.507280e+02
1.086000e-05	-4.639001e-09	-4.779374e-09	-4.223284e+01	-5.514374e+02
1.087000e-05	-4.660269e-09	-4.782882e-09	-4.242645e+01	-5.521454e+02
1.088000e-05	-4.681427e-09	-4.785657e-09	-4.261907e+01	-5.528524e+02
1.089000e-05	-4.702481e-09	-4.790454e-09	-4.281074e+01	-5.535588e+02
1.090000e-05	-4.723426e-09	-4.797982e-09	-4.300143e+01	-5.542647e+02
1.091000e-05	-4.744259e-09	-4.805604e-09	-4.319108e+01	-5.549703e+02
1.092000e-05	-4.764971e-09	-4.809209e-09	-4.337964e+01	-5.556759e+02
1.093000e-05	-4.785550e-09	-4.810403e-09	-4.356699e+01	-5.563815e+02
1.094000e-05	-4.805992e-09	-4.811952e-09	-4.375309e+01	-5.570871e+02
1.095000e-05	-4.826299e-09	-4.816428e-09	-4.393796e+01	-5.577927e+02
1.096000e-05	-4.846471e-09	-4.824430e-09	-4.412161e+01	-5.584982e+02
1.097000e-05	-4.866512e-09	-4.833935e-09	-4.430406e+01	-5.592033e+02
1.098000e-05	-4.886425e-09	-4.843250e-09	-4.448534e+01	-5.599079e+02
1.099000e-05	-4.906209e-09	-4.852820e-09	-4.466545e+01	-5.606117e+02
1.100000e-05	-4.925873e-09	-4.860827e-09	-4.484447e+01	-5.613144e+02
1.101000e-05	-4.945421e-09	-4.863600e-09	-4.502244e+01	-5.620156e+02
1.102000e-05	-4.964855e-09	-4.862814e-09	-4.519936e+01	-5.627148e+02
1.103000e-05	-4.984178e-09	-4.862812e-09	-4.537527e+01	-5.634116e+02
1.104000e-05	-5.003393e-09	-4.866782e-09	-4.555020e+01	-5.641055e+02
1.105000e-05	-5.022495e-09	-4.872624e-09	-4.572410e+01	-5.647958e+02
1.106000e-05	-5.041472e-09	-4.878665e-09	-4.589686e+01	-5.654821e+02
1.107000e-05	-5.060308e-09	-4.886697e-09	-4.606835e+01	-5.661636e+02
1.108000e-05	-5.079000e-09	-4.896698e-09	-4.623852e+01	-5.668398e+02
1.109000e-05	-5.097552e-09	-4.905927e-09	-4.640740e+01	-5.675099e+02
1.110000e-05	-5.115967e-09	-4.909849e-09	-4.657506e+01	-5.681734e+02
1.111000e-05	-5.134243e-09	-4.909754e-09	-4.674144e+01	-5.688295e+02
1.112000e-05	-5.152377e-09	-4.910141e-09	-4.690652e+01	-5.694777e+02
1.113000e-05	-5.170377e-09	-4.912612e-09	-4.707039e+01	-5.701172e+02
1.114000e-05	-5.188251e-09	-4.915842e-09	-4.723312e+01	-5.707474e+02
1.115000e-05	-5.206004e-09	-4.918719e-09	-4.739473e+01	-5.713677e+02
1.116000e-05	-5.223639e-09	-4.923675e-09	-4.755528e+01	-5.719775e+02
1.117000e-05	-5.241155e-09	-4.930590e-09	-4.771475e+01	-5.725763e+02
1.118000e-05	-5.258541e-09	-4.938338e-09	-4.787303e+01	-5.731635e+02
1.119000e-05	-5.275787e-09	-4.945329e-09	-4.803003e+01	-5.737388e+02
1.120000e-05	-5.292888e-09	-4.949916e-09	-4.818572e+01	-5.743016e+02
1.121000e-05	-5.309842e-09	-4.953732e-09	-4.834007e+01	-5.748518e+02
1.122000e-05	-5.326647e-09	-4.957118e-09	-4.849305e+01	-5.753889e+02
1.123000e-05	-5.343311e-09	-4.957971e-09	-4.864476e+01	-5.759127e+02
1.124000e-05	-5.359847e-09	-4.956693e-09	-4.879530e+01	-5.764232e+02
1.125000e-05	-5.376254e-09	-4.957967e-09	-4.894466e+01	-5.769203e+02
1.126000e-05	-5.392533e-09	-4.963971e-09	-4.909287e+01	-5.774040e+02
1.127000e-05	-5.408692e-09	-4.972614e-09	-4.923997e+01	-5.778743e+02
1.128000e-05	-5.424730e-09	-4.980519e-09	-4.938599e+01	-5.783314e+02
1.129000e-05	-5.440648e-09	-4.985575e-09	-4.953090e+01	-5.787756e+02
1.130000e-05	-5.456429e-09	-4.988261e-09	-4.967457e+01	-5.792071e+02
1.131000e-05	-5.472057e-09	-4.990632e-09	-4.981684e+01	-5.796265e+02
1.132000e-05	-5.487519e-09	-4.990481e-09	-4.995761e+01	-5.800341e+02
1.133000e-05	-5.502807e-09	-4.988647e-09	-5.009678e+01	-5.804305e+02
1.134000e-05	-5.517916e-09	-4.986858e-09	-5.023433e+01	-5.808163e+02
1.135000e-05	-5.532858e-09	-4.987292e-09	-5.037036e+01	-5.811922e+02
1.136000e-05	-5.547653e-09	-4.990878e-09	-5.050505e+01	-5.815589e+02
1.137000e-05	-5.562304e-09	-4.992641e-09	-5.063844e+01	-5.819171e+02
1.138000e-05	-5.576817e-09	-4.993876e-09	-5.077056e+01	-5.822677e+02
1.139000e-05	-5.591202e-09	-4.996067e-09	-5.090151e+01	-5.826115e+02
1.140000e-05	-5.605459e-09	-5.000654e-09	-5.103131e+01	-5.829494e+02
1.141000e-05	-5.619576e-09	-5.005222e-09	-5.115983e+01	-5.832823e+02
1.142000e-05	-5.633542e-09	-5.007732e-09	-5.128697e+01	-5.836112e+02
1.143000e-05	-5.647347e-09	-5.009238e-09	-5.141265e+01	-5.839368e+02
1.144000e-05	-5.660989e-09	-5.010326e-09	-5.153685e+01	-5.842602e+02
1.145000e-05	-5.674479e-09	-5.012995e-09	-5.165966e+01	-5.845822e+02
1.146000e-05	-5.687828e-09	-5.013614e-09	-5.178118e+01	-5.849036e+02
1.147000e-05	-5.701040e-09	-5.014795e-09	-5.190146e+01	-5.852254e+02
1.148000e-05	-5.714118e-09	-5.019494e-09	-5.202052e+01	-5.855482e+02
1.149000e-05	-5.727064e-09	-5.027736e-09	-5.213838e+01	-5.858729e+02
1.150000e-05	-5.739878e-09	-5.035739e-09	-5.225504e+01	-5.862000e+02
1.151000e-05	-5.752554e-09	-5.037611e-09	-5.237043e+01	-5.865303e+02
1.152000e-05	-5.765083e-09	-5.037268e-09	-5.248450e+01	-5.868642e+02
1.153000e-05	-5.777455e-09	-5.036200e-09	-5.259713e+01	-5.872021e+02
1.154000e-05	-5.789661e-09	-5.036818e-09	-5.270825e+01	-5.875445e+02
1.155000e-05	-5.801704e-09	-5.036923e-09	-5.281789e+01	-5.878917e+02
1.156000e-05	-5.813597e-09	-5.038339e-09	-5.292616e+01	-5.882438e+02
1.157000e-05	-5.825348e-09	-5.043575e-09	-5.303314e+01	-5.886009e+02
1.158000e-05	-5.836964e-09	-5.048589e-09	-5.313889e+01	-5.889629e+02
1.159000e-05	-5.848439e-09	-5.051901e-09	-5.324336e+01	-5.893299e+02
1.160000e-05	-5.859771e-09	-5.049290e-09	-5.334653e+01	-5.897015e+02
1.161000e-05	-5.870962e-09	-5.047726e-09	-5.344840e+01	-5.900775e+02
1.162000e-05	-5.882010e-09	-5.050090e-09	-5.354898e+01	-5.904574e+02
1.163000e-05	-5.892910e-09	-5.054663e-09	-5.364821e+01	-5.908407e+02
1.164000e-05	-5.903636e-09	-5.056934e-09	-5.374586e+01	-5.912269e+02
1.165000e-05	-5.914169e-09	-5.055258e-09	-5.384175e+01	-5.916152e+02
1.166000e-05	-5.924517e-09	-5.056571e-09	-5.393596e+01	-5.920050e+02
1.167000e-05	-5.934697e-09	-5.059632e-09	-5.402863e+01	-5.923953e+02
1.168000e-05	-5.944714e-09	-5.063679e-09	-5.411983e+01	-5.927852e+02
1.169000e-05	-5.954566e-09	-5.065591e-09	-5.420952e+01	-5.931739e+02
1.170000e-05	-5.964240e-09	-5.069315e-09	-5.429758e+01	-5.935603e+02
1.171000e-05	-5.973718e-09	-5.076438e-09	-5.438387e+01	-5.939433e+02
1.172000e-05	-5.983015e-09	-5.081622e-09	-5.446851e+01	-5.943218e+02
1.173000e-05	-5.992155e-09	-5.083019e-09	-5.455172e+01	-5.946949e+02
1.174000e-05	-6.001155e-09	-5.080437e-09	-5.463365e+01	-5.950613e+02
1.175000e-05	-6.010022e-09	-5.080631e-09	-5.471437e+01	-5.954201e+02
1.176000e-05	-6.018758e-09	-5.084376e-09	-5.479391e+01	-5.957700e+02
1.177000e-05	-6.027374e-09	-5.089697e-09	-5.487235e+01	-5.961100e+02
1.178000e-05	-6.035861e-09	-5.093095e-09	-5.494961e+01	-5.964391e+02
1.179000e-05	-6.044213e-09	-5.095909e-09	-5.502565e+01	-5.967564e+02
1.180000e-05	-6.052422e-09	-5.100197e-09	-5.510038e+01	-5.970608e+02
1.181000e-05	-6.060484e-09	-5.100933e-09	-5.517378e+01	-5.973515e+02
1.182000e-05	-6.068408e-09	-5.098266e-09	-5.524591e+01	-5.976278e+02
1.183000e-05	-6.076198e-09	-5.094487e-09	-5.531683e+01	-5.978888e+02
1.184000e-05	-6.083832e-09	-5.095279e-09	-5.538633e+01	-5.981340e+02
1.185000e-05	-6.091282e-09	-5.098420e-09	-5.545415e+01	-5.983628e+02
1.186000e-05	-6.098544e-09	-5.101488e-09	-5.552027e+01	-5.985748e+02
1.187000e-05	-6.105641e-09	-5.104619e-09	-5.558488e+01	-5.987697e+02
1.188000e-05	-6.112593e-09	-5.107398e-09	-5.564817e+01	-5.989472e+02
1.189000e-05	-6.119402e-09	-5.112192e-09	-5.571016e+01	-5.991072e+02
1.190000e-05	-6.126063e-09	-5.113045e-09	-5.577079e+01	-5.992497e+02
1.191000e-05	-6.132575e-09	-5.109969e-09	-5.583008e+01	-5.993748e+02
1.192000e-05	-6.138942e-09	-5.107878e-09	-5.588805e+01	-5.994827e+02
1.193000e-05	-6.145168e-09	-5.109424e-09	-5.594473e+01	-5.995738e+02
1.194000e-05	-6.151248e-09	-5.112227e-09	-5.600008e+01	-5.996484e+02
1.195000e-05	-6.157144e-09	-5.111007e-09	-5.605375e+01	-5.997070e+02
1.196000e-05	-6.162830e-09	-5.106966e-09	-5.610551e+01	-5.997503e+02
1.197000e-05	-6.168340e-09	-5.103384e-09	-5.615568e+01	-5.997791e+02
1.198000e-05	-6.173712e-09	-5.104875e-09	-5.620458e+01	-5.997940e+02
1.199000e-05	-6.178942e-09	-5.106582e-09	-5.625219e+01	-5.997959e+02
1.200000e-05	-6.184017e-09	-5.108299e-09	-5.629840e+01	-5.997858e+02
1.201000e-05	-6.188936e-09	-5.109607e-09	-5.634318e+01	-5.997646e+02
1.202000e-05	-6.193709e-09	-5.107995e-09	-5.638663e+01	-5.997333e+02
1.203000e-05	-6.198353e-09	-5.104673e-09	-5.642891e+01	-5.996931e+02
1.204000e-05	-6.202860e-09	-5.097225e-09	-5.646994e+01	-5.996449e+02
1.205000e-05	-6.207188e-09	-5.090253e-09	-5.650934e+01	-5.995900e+02
1.206000e-05	-6.211307e-09	-5.083716e-09	-5.654684e+01	-5.995293e+02
1.207000e-05	-6.215238e-09	-5.081176e-09	-5.658262e+01	-5.994640e+02
1.208000e-05	-6.219031e-09	-5.082773e-09	-5.661715e+01	-5.993951e+02
1.209000e-05	-6.222692e-09	-5.084901e-09	-5.665048e+01	-5.993237e+02
1.210000e-05	-6.226207e-09	-5.087621e-09	-5.668248e+01	-5.992508e+02
1.211000e-05	-6.229572e-09	-5.085548e-09	-5.671312e+01	-5.991774e+02
1.212000e-05	-6.232790e-09	-5.081934e-09	-5.674241e+01	-5.991042e+02
1.213000e-05	-6.235875e-09	-5.075290e-09	-5.677050e+01	-5.990322e+02
1.214000e-05	-6.238819e-09	-5.066496e-09	-5.679730e+01	-5.989621e+02
1.215000e-05	-6.241569e-09	-5.061337e-09	-5.682234e+01	-5.988946e+02
1.216000e-05	-6.244089e-09	-5.060096e-09	-5.684528e+01	-5.988302e+02
1.217000e-05	-6.246400e-09	-5.063334e-09	-5.686632e+01	-5.987694e+02
1.218000e-05	-6.248539e-09	-5.066418e-09	-5.688579e+01	-5.987126e+02
1.219000e-05	-6.250518e-09	-5.069021e-09	-5.690381e+01	-5.986601e+02
1.220000e-05	-6.252341e-09	-5.069388e-09	-5.692040e+01	-5.986121e+02
1.221000e-05	-6.254015e-09	-5.068825e-09	-5.693564e+01	-5.985687e+02
1.222000e-05	-6.255550e-09	-5.065803e-09	-5.694961e+01	-5.985298e+02
1.223000e-05	-6.256957e-09	-5.059648e-09	-5.696242e+01	-5.984952e+02
1.224000e-05	-6.258219e-09	-5.055392e-09	-5.697391e+01	-5.984649e+02
1.225000e-05	-6.259282e-09	-5.050970e-09	-5.698359e+01	-5.984383e+02
1.226000e-05	-6.260133e-09	-5.048593e-09	-5.699133e+01	-5.984152e+02
1.227000e-05	-6.260815e-09	-5.048054e-09	-5.699755e+01	-5.983951e+02
1.228000e-05	-6.261365e-09	-5.050584e-09	-5.700255e+01	-5.983772e+02
1.229000e-05	-6.261781e-09	-5.053921e-09	-5.700634e+01	-5.983610e+02
1.230000e-05	-6.262050e-09	-5.054160e-09	-5.700879e+01	-5.983458e+02
