# Configuracion:
# Concentracion g/m^3_=_14600.0
# C_Vs_to_Am_M_A/Vsm_=_116720831517.84952
# pendiente_HvsI_1/m_=_3716.3
# ordenada_HvsI_A/m_=_1297.0
# frecuencia_ref_Hz_=_81280.33984474129
# 
Resultados:
# tau_ns_=_(4.50+/-0.79)e+01
# dphi_rad_=_6.31+/-0.00
# SAR_W/g_=_19.97+/-3.54
# Hc_kA/m_=_3.38+/-0.09
# Mr_A/m_=_100.12+/-2.93
# Magnetizacion_max_emu/g_=_41.2+/-0.5
# Suceptibilidad_a_M=0_=_(3.140+/-0.045)e-02

Nombre_archivo	Time_m_(s)	Temperatura_(ºC)	Mr_(A/m)	Hc_(kA/m)	Campo_max_(A/m)	Mag_max_(A/m)	f0	mag0	dphi0	SAR_(W/g)	Tau_(ns)	N	xi_M_0
081kHz_150dA_100Mss_bobN1NF0008.txt		20.00	92.20	3.18	57041.50	606.90	8.128429e+04	7.529817e+00	6.300065e+00	14.80	33.054823	4921	3.052e-02
081kHz_150dA_100Mss_bobN1NF0009.txt		20.00	99.14	3.38	57041.50	612.18	8.126778e+04	7.580310e+00	6.306945e+00	20.97	46.533830	4922	3.085e-02
081kHz_150dA_100Mss_bobN1NF0010.txt		20.00	102.20	3.54	57041.50	591.72	8.128429e+04	7.378535e+00	6.313068e+00	25.67	58.531126	4921	3.053e-02
081kHz_150dA_100Mss_bobN1NF0011.txt		20.00	98.54	3.33	57041.50	612.67	8.126778e+04	7.591153e+00	6.307728e+00	21.69	48.066226	4922	3.095e-02
081kHz_150dA_100Mss_bobN1NF0012.txt		20.00	99.93	3.42	57041.50	583.43	8.126778e+04	7.290083e+00	6.307581e+00	20.70	47.779533	4922	3.107e-02
081kHz_150dA_100Mss_bobN1NF0013.txt		20.00	99.01	3.33	57041.50	596.26	8.126778e+04	7.393753e+00	6.304846e+00	18.64	42.420791	4922	3.145e-02
081kHz_150dA_100Mss_bobN1NF0014.txt		20.00	102.11	3.39	57041.50	613.71	8.126778e+04	7.589948e+00	6.308618e+00	22.47	49.810701	4922	3.183e-02
081kHz_150dA_100Mss_bobN1NF0015.txt		20.00	100.44	3.45	57041.50	603.79	8.128429e+04	7.499522e+00	6.308855e+00	22.42	50.274983	4921	3.106e-02
081kHz_150dA_100Mss_bobN1NF0016.txt		20.00	101.39	3.39	57041.50	611.76	8.128429e+04	7.567993e+00	6.304004e+00	18.35	40.770676	4921	3.196e-02
081kHz_150dA_100Mss_bobN1NF0017.txt		20.00	95.82	3.28	57041.50	605.37	8.128429e+04	7.502080e+00	6.300712e+00	15.31	34.322501	4921	3.088e-02
081kHz_150dA_100Mss_bobN1NF0018.txt		20.00	101.50	3.43	57041.50	597.35	8.128429e+04	7.446628e+00	6.308004e+00	21.52	48.607606	4921	3.150e-02
081kHz_150dA_100Mss_bobN1NF0019.txt		20.00	103.45	3.46	57041.50	595.66	8.128429e+04	7.417833e+00	6.308999e+00	22.30	50.557823	4921	3.186e-02
081kHz_150dA_100Mss_bobN1NF0020.txt		20.00	97.78	3.34	57041.50	595.02	8.126778e+04	7.424115e+00	6.303243e+00	17.34	39.279811	4922	3.115e-02
081kHz_150dA_100Mss_bobN1NF0021.txt		20.00	99.82	3.41	57041.50	589.70	8.126778e+04	7.352388e+00	6.305252e+00	18.89	43.216091	4922	3.129e-02
081kHz_150dA_100Mss_bobN1NF0022.txt		20.00	100.39	3.38	57041.50	593.59	8.126778e+04	7.377294e+00	6.304628e+00	18.42	41.993944	4922	3.151e-02
081kHz_150dA_100Mss_bobN1NF0023.txt		20.00	105.16	3.51	57041.50	604.21	8.128429e+04	7.549627e+00	6.311552e+00	24.94	55.559894	4921	3.201e-02
081kHz_150dA_100Mss_bobN1NF0024.txt		20.00	101.02	3.43	57041.50	602.83	8.126778e+04	7.507213e+00	6.309133e+00	22.68	50.819536	4922	3.139e-02
081kHz_150dA_100Mss_bobN1NF0025.txt		20.00	100.36	3.38	57041.50	602.56	8.126778e+04	7.491823e+00	6.304797e+00	18.85	42.324761	4922	3.160e-02
081kHz_150dA_100Mss_bobN1NF0026.txt		20.00	104.65	3.51	57041.50	600.87	8.126778e+04	7.483767e+00	6.313735e+00	26.61	59.838778	4922	3.165e-02
081kHz_150dA_100Mss_bobN1NF0027.txt		20.00	100.40	3.42	57041.50	596.68	8.126778e+04	7.441501e+00	6.306243e+00	19.98	45.157344	4922	3.120e-02
081kHz_150dA_100Mss_bobN1NF0028.txt		20.00	97.26	3.30	57041.50	609.35	8.128429e+04	7.554239e+00	6.300667e+00	15.38	34.235117	4921	3.131e-02
081kHz_150dA_100Mss_bobN1NF0029.txt		20.00	95.97	3.26	57041.50	591.68	8.126778e+04	7.355322e+00	6.298569e+00	13.17	30.125857	4922	3.114e-02
081kHz_150dA_100Mss_bobN1NF0030.txt		20.00	104.02	3.43	57041.50	611.96	8.128429e+04	7.592185e+00	6.308625e+00	22.49	49.823765	4921	3.230e-02
081kHz_150dA_100Mss_bobN1NF0031.txt		20.00	96.54	3.22	57041.50	597.02	8.126778e+04	7.391840e+00	6.298555e+00	13.23	30.098374	4922	3.159e-02
081kHz_150dA_100Mss_bobN1NF0032.txt		20.00	100.33	3.32	57041.50	600.77	8.126778e+04	7.436462e+00	6.305105e+00	18.98	42.928316	4922	3.178e-02
081kHz_150dA_100Mss_bobN1NF0033.txt		20.00	98.14	3.33	57041.50	588.78	8.126778e+04	7.351315e+00	6.306421e+00	19.89	45.505846	4922	3.101e-02
081kHz_150dA_100Mss_bobN1NF0034.txt		20.00	101.23	3.38	57041.50	607.14	8.128429e+04	7.537952e+00	6.303930e+00	18.21	40.626142	4921	3.197e-02
081kHz_150dA_100Mss_bobN1NF0035.txt		20.00	104.69	3.52	57041.50	603.49	8.126778e+04	7.525769e+00	6.312178e+00	25.40	56.787604	4922	3.187e-02
