# Temperatura_=_20.0
# Concentracion g/m^3_=_14600.0
# C_Vs_to_Am_M_A/Vsm_=_116720831517.84952
# pendiente_HvsI_1/m_=_3716.3
# ordenada_HvsI_A/m_=_1297.0
# frecuencia_Hz_=_81280.38721639532
# Promedio de 26 ciclos

Tiempo_(s)	Campo_(V.s)	Magnetizacion_(V.s)	Campo_(kA/m)	Magnetizacion_(A/m)
0.000000e+00	-6.269884e-09	-5.038187e-09	-5.701011e+01	-5.972314e+02
1.000000e-08	-6.269914e-09	-5.041204e-09	-5.701039e+01	-5.973443e+02
2.000000e-08	-6.269809e-09	-5.041788e-09	-5.700943e+01	-5.974493e+02
3.000000e-08	-6.269589e-09	-5.039474e-09	-5.700743e+01	-5.975458e+02
4.000000e-08	-6.269210e-09	-5.037416e-09	-5.700398e+01	-5.976334e+02
5.000000e-08	-6.268627e-09	-5.039090e-09	-5.699868e+01	-5.977116e+02
6.000000e-08	-6.267851e-09	-5.042276e-09	-5.699162e+01	-5.977800e+02
7.000000e-08	-6.266910e-09	-5.043724e-09	-5.698307e+01	-5.978384e+02
8.000000e-08	-6.265805e-09	-5.045793e-09	-5.697303e+01	-5.978863e+02
9.000000e-08	-6.264475e-09	-5.045567e-09	-5.696093e+01	-5.979237e+02
1.000000e-07	-6.262877e-09	-5.066729e-09	-5.694640e+01	-5.979502e+02
1.100000e-07	-6.261086e-09	-5.109485e-09	-5.693012e+01	-5.979658e+02
1.200000e-07	-6.259254e-09	-5.116136e-09	-5.691345e+01	-5.979705e+02
1.300000e-07	-6.257437e-09	-5.106107e-09	-5.689694e+01	-5.979641e+02
1.400000e-07	-6.255510e-09	-5.129354e-09	-5.687942e+01	-5.979468e+02
1.500000e-07	-6.253340e-09	-5.113646e-09	-5.685968e+01	-5.979187e+02
1.600000e-07	-6.250941e-09	-5.070795e-09	-5.683787e+01	-5.978798e+02
1.700000e-07	-6.248365e-09	-5.073281e-09	-5.681445e+01	-5.978305e+02
1.800000e-07	-6.245589e-09	-5.081050e-09	-5.678921e+01	-5.977709e+02
1.900000e-07	-6.242591e-09	-5.085079e-09	-5.676195e+01	-5.977014e+02
2.000000e-07	-6.239404e-09	-5.102232e-09	-5.673297e+01	-5.976224e+02
2.100000e-07	-6.236042e-09	-5.110429e-09	-5.670240e+01	-5.975341e+02
2.200000e-07	-6.232517e-09	-5.115905e-09	-5.667035e+01	-5.974370e+02
2.300000e-07	-6.228832e-09	-5.101327e-09	-5.663684e+01	-5.973316e+02
2.400000e-07	-6.224961e-09	-5.083788e-09	-5.660165e+01	-5.972182e+02
2.500000e-07	-6.220922e-09	-5.090740e-09	-5.656492e+01	-5.970974e+02
2.600000e-07	-6.216760e-09	-5.086624e-09	-5.652707e+01	-5.969696e+02
2.700000e-07	-6.212482e-09	-5.084184e-09	-5.648818e+01	-5.968354e+02
2.800000e-07	-6.208050e-09	-5.098628e-09	-5.644788e+01	-5.966951e+02
2.900000e-07	-6.203454e-09	-5.110578e-09	-5.640609e+01	-5.965493e+02
3.000000e-07	-6.198721e-09	-5.093550e-09	-5.636306e+01	-5.963985e+02
3.100000e-07	-6.193851e-09	-5.083331e-09	-5.631877e+01	-5.962431e+02
3.200000e-07	-6.188806e-09	-5.088022e-09	-5.627290e+01	-5.960834e+02
3.300000e-07	-6.183564e-09	-5.081914e-09	-5.622523e+01	-5.959200e+02
3.400000e-07	-6.178152e-09	-5.082448e-09	-5.617603e+01	-5.957531e+02
3.500000e-07	-6.172580e-09	-5.087980e-09	-5.612536e+01	-5.955831e+02
3.600000e-07	-6.166848e-09	-5.086925e-09	-5.607324e+01	-5.954102e+02
3.700000e-07	-6.160971e-09	-5.076910e-09	-5.601981e+01	-5.952348e+02
3.800000e-07	-6.154946e-09	-5.073674e-09	-5.596502e+01	-5.950570e+02
3.900000e-07	-6.148760e-09	-5.073487e-09	-5.590877e+01	-5.948770e+02
4.000000e-07	-6.142411e-09	-5.069112e-09	-5.585105e+01	-5.946948e+02
4.100000e-07	-6.135913e-09	-5.072741e-09	-5.579197e+01	-5.945106e+02
4.200000e-07	-6.129276e-09	-5.075518e-09	-5.573162e+01	-5.943243e+02
4.300000e-07	-6.122499e-09	-5.074650e-09	-5.566999e+01	-5.941360e+02
4.400000e-07	-6.115551e-09	-5.069288e-09	-5.560682e+01	-5.939454e+02
4.500000e-07	-6.108403e-09	-5.064638e-09	-5.554182e+01	-5.937526e+02
4.600000e-07	-6.101070e-09	-5.058553e-09	-5.547515e+01	-5.935574e+02
4.700000e-07	-6.093587e-09	-5.055889e-09	-5.540711e+01	-5.933594e+02
4.800000e-07	-6.085956e-09	-5.058165e-09	-5.533772e+01	-5.931586e+02
4.900000e-07	-6.078166e-09	-5.057358e-09	-5.526689e+01	-5.929545e+02
5.000000e-07	-6.070226e-09	-5.058121e-09	-5.519469e+01	-5.927470e+02
5.100000e-07	-6.062147e-09	-5.055728e-09	-5.512123e+01	-5.925357e+02
5.200000e-07	-6.053936e-09	-5.051539e-09	-5.504657e+01	-5.923201e+02
5.300000e-07	-6.045572e-09	-5.046306e-09	-5.497052e+01	-5.921000e+02
5.400000e-07	-6.037007e-09	-5.043770e-09	-5.489264e+01	-5.918750e+02
5.500000e-07	-6.028230e-09	-5.041393e-09	-5.481284e+01	-5.916446e+02
5.600000e-07	-6.019274e-09	-5.039751e-09	-5.473141e+01	-5.914085e+02
5.700000e-07	-6.010177e-09	-5.040412e-09	-5.464869e+01	-5.911663e+02
5.800000e-07	-6.000940e-09	-5.039117e-09	-5.456470e+01	-5.909176e+02
5.900000e-07	-5.991554e-09	-5.038748e-09	-5.447936e+01	-5.906620e+02
6.000000e-07	-5.982022e-09	-5.034251e-09	-5.439269e+01	-5.903991e+02
6.100000e-07	-5.972340e-09	-5.029349e-09	-5.430465e+01	-5.901287e+02
6.200000e-07	-5.962492e-09	-5.026301e-09	-5.421511e+01	-5.898503e+02
6.300000e-07	-5.952448e-09	-5.025929e-09	-5.412378e+01	-5.895638e+02
6.400000e-07	-5.942192e-09	-5.026991e-09	-5.403053e+01	-5.892688e+02
6.500000e-07	-5.931734e-09	-5.025893e-09	-5.393543e+01	-5.889651e+02
6.600000e-07	-5.921095e-09	-5.022737e-09	-5.383870e+01	-5.886524e+02
6.700000e-07	-5.910290e-09	-5.016294e-09	-5.374045e+01	-5.883307e+02
6.800000e-07	-5.899326e-09	-5.012013e-09	-5.364076e+01	-5.879998e+02
6.900000e-07	-5.888211e-09	-5.008678e-09	-5.353969e+01	-5.876597e+02
7.000000e-07	-5.876956e-09	-5.006084e-09	-5.343736e+01	-5.873102e+02
7.100000e-07	-5.865565e-09	-5.004726e-09	-5.333378e+01	-5.869513e+02
7.200000e-07	-5.854024e-09	-5.004330e-09	-5.322884e+01	-5.865831e+02
7.300000e-07	-5.842322e-09	-5.003661e-09	-5.312244e+01	-5.862057e+02
7.400000e-07	-5.830448e-09	-4.999678e-09	-5.301448e+01	-5.858190e+02
7.500000e-07	-5.818407e-09	-4.993057e-09	-5.290499e+01	-5.854234e+02
7.600000e-07	-5.806216e-09	-4.985816e-09	-5.279414e+01	-5.850189e+02
7.700000e-07	-5.793886e-09	-4.983521e-09	-5.268202e+01	-5.846058e+02
7.800000e-07	-5.781414e-09	-4.981341e-09	-5.256862e+01	-5.841842e+02
7.900000e-07	-5.768797e-09	-4.978586e-09	-5.245390e+01	-5.837544e+02
8.000000e-07	-5.756041e-09	-4.978141e-09	-5.233791e+01	-5.833168e+02
8.100000e-07	-5.743144e-09	-4.977878e-09	-5.222065e+01	-5.828715e+02
8.200000e-07	-5.730098e-09	-4.975267e-09	-5.210202e+01	-5.824190e+02
8.300000e-07	-5.716892e-09	-4.966716e-09	-5.198195e+01	-5.819595e+02
8.400000e-07	-5.703527e-09	-4.956202e-09	-5.186042e+01	-5.814934e+02
8.500000e-07	-5.690004e-09	-4.946500e-09	-5.173746e+01	-5.810210e+02
8.600000e-07	-5.676321e-09	-4.941413e-09	-5.161305e+01	-5.805427e+02
8.700000e-07	-5.662502e-09	-4.938834e-09	-5.148740e+01	-5.800588e+02
8.800000e-07	-5.648563e-09	-4.936385e-09	-5.136065e+01	-5.795697e+02
8.900000e-07	-5.634497e-09	-4.936883e-09	-5.123276e+01	-5.790757e+02
9.000000e-07	-5.620291e-09	-4.937097e-09	-5.110358e+01	-5.785771e+02
9.100000e-07	-5.605942e-09	-4.934070e-09	-5.097312e+01	-5.780743e+02
9.200000e-07	-5.591450e-09	-4.926592e-09	-5.084135e+01	-5.775676e+02
9.300000e-07	-5.576801e-09	-4.916994e-09	-5.070815e+01	-5.770572e+02
9.400000e-07	-5.561993e-09	-4.906974e-09	-5.057350e+01	-5.765435e+02
9.500000e-07	-5.547016e-09	-4.897422e-09	-5.043732e+01	-5.760266e+02
9.600000e-07	-5.531864e-09	-4.889734e-09	-5.029955e+01	-5.755069e+02
9.700000e-07	-5.516541e-09	-4.885505e-09	-5.016022e+01	-5.749844e+02
9.800000e-07	-5.501059e-09	-4.886693e-09	-5.001945e+01	-5.744595e+02
9.900000e-07	-5.485426e-09	-4.890011e-09	-4.987730e+01	-5.739322e+02
1.000000e-06	-5.469641e-09	-4.891429e-09	-4.973377e+01	-5.734027e+02
1.010000e-06	-5.453700e-09	-4.888396e-09	-4.958883e+01	-5.728711e+02
1.020000e-06	-5.437602e-09	-4.882466e-09	-4.944246e+01	-5.723375e+02
1.030000e-06	-5.421351e-09	-4.875605e-09	-4.929469e+01	-5.718019e+02
1.040000e-06	-5.404944e-09	-4.866252e-09	-4.914550e+01	-5.712643e+02
1.050000e-06	-5.388390e-09	-4.855855e-09	-4.899499e+01	-5.707248e+02
1.060000e-06	-5.371707e-09	-4.847660e-09	-4.884330e+01	-5.701833e+02
1.070000e-06	-5.354901e-09	-4.844212e-09	-4.869048e+01	-5.696398e+02
1.080000e-06	-5.337970e-09	-4.844938e-09	-4.853653e+01	-5.690941e+02
1.090000e-06	-5.320918e-09	-4.846968e-09	-4.838148e+01	-5.685463e+02
1.100000e-06	-5.303748e-09	-4.846277e-09	-4.822536e+01	-5.679962e+02
1.110000e-06	-5.286462e-09	-4.840678e-09	-4.806818e+01	-5.674436e+02
1.120000e-06	-5.269058e-09	-4.831230e-09	-4.790993e+01	-5.668884e+02
1.130000e-06	-5.251527e-09	-4.820186e-09	-4.775054e+01	-5.663305e+02
1.140000e-06	-5.233870e-09	-4.808321e-09	-4.758998e+01	-5.657697e+02
1.150000e-06	-5.216086e-09	-4.797748e-09	-4.742828e+01	-5.652057e+02
1.160000e-06	-5.198168e-09	-4.792779e-09	-4.726536e+01	-5.646383e+02
1.170000e-06	-5.180106e-09	-4.793497e-09	-4.710112e+01	-5.640674e+02
1.180000e-06	-5.161900e-09	-4.796723e-09	-4.693558e+01	-5.634927e+02
1.190000e-06	-5.143546e-09	-4.797627e-09	-4.676870e+01	-5.629140e+02
1.200000e-06	-5.125043e-09	-4.794111e-09	-4.660045e+01	-5.623310e+02
1.210000e-06	-5.106404e-09	-4.787701e-09	-4.643098e+01	-5.617434e+02
1.220000e-06	-5.087634e-09	-4.781192e-09	-4.626031e+01	-5.611511e+02
1.230000e-06	-5.068743e-09	-4.773902e-09	-4.608853e+01	-5.605538e+02
1.240000e-06	-5.049733e-09	-4.764407e-09	-4.591569e+01	-5.599511e+02
1.250000e-06	-5.030600e-09	-4.756570e-09	-4.574172e+01	-5.593429e+02
1.260000e-06	-5.011341e-09	-4.752755e-09	-4.556660e+01	-5.587289e+02
1.270000e-06	-4.991951e-09	-4.751713e-09	-4.539030e+01	-5.581088e+02
1.280000e-06	-4.972434e-09	-4.748963e-09	-4.521283e+01	-5.574824e+02
1.290000e-06	-4.952784e-09	-4.743907e-09	-4.503416e+01	-5.568494e+02
1.300000e-06	-4.933001e-09	-4.739192e-09	-4.485428e+01	-5.562096e+02
1.310000e-06	-4.913080e-09	-4.733560e-09	-4.467314e+01	-5.555627e+02
1.320000e-06	-4.893016e-09	-4.725447e-09	-4.449071e+01	-5.549085e+02
1.330000e-06	-4.872820e-09	-4.714554e-09	-4.430708e+01	-5.542467e+02
1.340000e-06	-4.852498e-09	-4.705094e-09	-4.412229e+01	-5.535772e+02
1.350000e-06	-4.832057e-09	-4.699516e-09	-4.393642e+01	-5.528997e+02
1.360000e-06	-4.811504e-09	-4.695628e-09	-4.374955e+01	-5.522140e+02
1.370000e-06	-4.790836e-09	-4.690947e-09	-4.356162e+01	-5.515199e+02
1.380000e-06	-4.770045e-09	-4.684667e-09	-4.337257e+01	-5.508172e+02
1.390000e-06	-4.749131e-09	-4.680388e-09	-4.318241e+01	-5.501057e+02
1.400000e-06	-4.728098e-09	-4.676450e-09	-4.299116e+01	-5.493854e+02
1.410000e-06	-4.706937e-09	-4.668808e-09	-4.279875e+01	-5.486559e+02
1.420000e-06	-4.685651e-09	-4.656788e-09	-4.260520e+01	-5.479172e+02
1.430000e-06	-4.664245e-09	-4.644812e-09	-4.241057e+01	-5.471692e+02
1.440000e-06	-4.642713e-09	-4.636292e-09	-4.221479e+01	-5.464117e+02
1.450000e-06	-4.621045e-09	-4.627457e-09	-4.201776e+01	-5.456446e+02
1.460000e-06	-4.599245e-09	-4.618356e-09	-4.181954e+01	-5.448679e+02
1.470000e-06	-4.577330e-09	-4.611010e-09	-4.162028e+01	-5.440814e+02
1.480000e-06	-4.555309e-09	-4.606325e-09	-4.142005e+01	-5.432852e+02
1.490000e-06	-4.533182e-09	-4.601492e-09	-4.121885e+01	-5.424791e+02
1.500000e-06	-4.510940e-09	-4.594139e-09	-4.101661e+01	-5.416632e+02
1.510000e-06	-4.488582e-09	-4.586824e-09	-4.081332e+01	-5.408374e+02
1.520000e-06	-4.466115e-09	-4.580858e-09	-4.060903e+01	-5.400017e+02
1.530000e-06	-4.443534e-09	-4.574832e-09	-4.040372e+01	-5.391562e+02
1.540000e-06	-4.420839e-09	-4.566839e-09	-4.019736e+01	-5.383009e+02
1.550000e-06	-4.398018e-09	-4.557907e-09	-3.998985e+01	-5.374357e+02
1.560000e-06	-4.375067e-09	-4.549817e-09	-3.978117e+01	-5.365609e+02
1.570000e-06	-4.352002e-09	-4.542783e-09	-3.957144e+01	-5.356763e+02
1.580000e-06	-4.328813e-09	-4.536152e-09	-3.936059e+01	-5.347822e+02
1.590000e-06	-4.305488e-09	-4.529032e-09	-3.914851e+01	-5.338786e+02
1.600000e-06	-4.282031e-09	-4.520718e-09	-3.893522e+01	-5.329655e+02
1.610000e-06	-4.258455e-09	-4.511850e-09	-3.872085e+01	-5.320431e+02
1.620000e-06	-4.234772e-09	-4.502547e-09	-3.850551e+01	-5.311114e+02
1.630000e-06	-4.210983e-09	-4.492707e-09	-3.828920e+01	-5.301706e+02
1.640000e-06	-4.187085e-09	-4.485447e-09	-3.807190e+01	-5.292208e+02
1.650000e-06	-4.163079e-09	-4.480512e-09	-3.785362e+01	-5.282619e+02
1.660000e-06	-4.138966e-09	-4.474396e-09	-3.763438e+01	-5.272942e+02
1.670000e-06	-4.114751e-09	-4.467710e-09	-3.741419e+01	-5.263177e+02
1.680000e-06	-4.090429e-09	-4.461806e-09	-3.719304e+01	-5.253325e+02
1.690000e-06	-4.065998e-09	-4.454984e-09	-3.697090e+01	-5.243385e+02
1.700000e-06	-4.041467e-09	-4.445265e-09	-3.674785e+01	-5.233359e+02
1.710000e-06	-4.016836e-09	-4.433893e-09	-3.652388e+01	-5.223247e+02
1.720000e-06	-3.992099e-09	-4.423166e-09	-3.629895e+01	-5.213048e+02
1.730000e-06	-3.967247e-09	-4.414231e-09	-3.607299e+01	-5.202763e+02
1.740000e-06	-3.942283e-09	-4.406102e-09	-3.584599e+01	-5.192390e+02
1.750000e-06	-3.917213e-09	-4.396770e-09	-3.561804e+01	-5.181930e+02
1.760000e-06	-3.892043e-09	-4.387692e-09	-3.538918e+01	-5.171380e+02
1.770000e-06	-3.866776e-09	-4.379523e-09	-3.515944e+01	-5.160739e+02
1.780000e-06	-3.841414e-09	-4.370552e-09	-3.492883e+01	-5.150007e+02
1.790000e-06	-3.815959e-09	-4.360143e-09	-3.469737e+01	-5.139180e+02
1.800000e-06	-3.790411e-09	-4.349714e-09	-3.446507e+01	-5.128256e+02
1.810000e-06	-3.764769e-09	-4.340610e-09	-3.423192e+01	-5.117232e+02
1.820000e-06	-3.739037e-09	-4.332314e-09	-3.399794e+01	-5.106106e+02
1.830000e-06	-3.713208e-09	-4.324383e-09	-3.376309e+01	-5.094873e+02
1.840000e-06	-3.687285e-09	-4.316613e-09	-3.352738e+01	-5.083531e+02
1.850000e-06	-3.661268e-09	-4.308535e-09	-3.329081e+01	-5.072073e+02
1.860000e-06	-3.635151e-09	-4.299244e-09	-3.305334e+01	-5.060497e+02
1.870000e-06	-3.608934e-09	-4.288235e-09	-3.281495e+01	-5.048797e+02
1.880000e-06	-3.582623e-09	-4.275917e-09	-3.257572e+01	-5.036967e+02
1.890000e-06	-3.556216e-09	-4.263516e-09	-3.233561e+01	-5.025002e+02
1.900000e-06	-3.529706e-09	-4.252713e-09	-3.209456e+01	-5.012897e+02
1.910000e-06	-3.503101e-09	-4.244271e-09	-3.185266e+01	-5.000645e+02
1.920000e-06	-3.476412e-09	-4.236231e-09	-3.160997e+01	-4.988240e+02
1.930000e-06	-3.449632e-09	-4.228160e-09	-3.136648e+01	-4.975676e+02
1.940000e-06	-3.422765e-09	-4.219267e-09	-3.112218e+01	-4.962945e+02
1.950000e-06	-3.395816e-09	-4.209418e-09	-3.087715e+01	-4.950041e+02
1.960000e-06	-3.368789e-09	-4.199335e-09	-3.063139e+01	-4.936957e+02
1.970000e-06	-3.341679e-09	-4.187793e-09	-3.038489e+01	-4.923686e+02
1.980000e-06	-3.314485e-09	-4.176204e-09	-3.013763e+01	-4.910221e+02
1.990000e-06	-3.287207e-09	-4.164890e-09	-2.988960e+01	-4.896556e+02
2.000000e-06	-3.259845e-09	-4.153714e-09	-2.964080e+01	-4.882682e+02
2.010000e-06	-3.232387e-09	-4.143896e-09	-2.939114e+01	-4.868594e+02
2.020000e-06	-3.204830e-09	-4.134155e-09	-2.914057e+01	-4.854284e+02
2.030000e-06	-3.177182e-09	-4.122723e-09	-2.888917e+01	-4.839747e+02
2.040000e-06	-3.149449e-09	-4.109431e-09	-2.863700e+01	-4.824976e+02
2.050000e-06	-3.121628e-09	-4.094735e-09	-2.838404e+01	-4.809964e+02
2.060000e-06	-3.093717e-09	-4.079931e-09	-2.813025e+01	-4.794707e+02
2.070000e-06	-3.065724e-09	-4.066174e-09	-2.787572e+01	-4.779198e+02
2.080000e-06	-3.037644e-09	-4.050848e-09	-2.762040e+01	-4.763432e+02
2.090000e-06	-3.009473e-09	-4.033074e-09	-2.736425e+01	-4.747405e+02
2.100000e-06	-2.981216e-09	-4.018641e-09	-2.710731e+01	-4.731113e+02
2.110000e-06	-2.952875e-09	-4.008860e-09	-2.684962e+01	-4.714550e+02
2.120000e-06	-2.924445e-09	-3.998488e-09	-2.659112e+01	-4.697714e+02
2.130000e-06	-2.895933e-09	-3.985804e-09	-2.633186e+01	-4.680600e+02
2.140000e-06	-2.867340e-09	-3.973065e-09	-2.607188e+01	-4.663207e+02
2.150000e-06	-2.838669e-09	-3.960442e-09	-2.581118e+01	-4.645531e+02
2.160000e-06	-2.809913e-09	-3.946263e-09	-2.554971e+01	-4.627570e+02
2.170000e-06	-2.781078e-09	-3.928609e-09	-2.528753e+01	-4.609323e+02
2.180000e-06	-2.752174e-09	-3.908385e-09	-2.502472e+01	-4.590788e+02
2.190000e-06	-2.723195e-09	-3.889749e-09	-2.476122e+01	-4.571964e+02
2.200000e-06	-2.694144e-09	-3.873616e-09	-2.449707e+01	-4.552850e+02
2.210000e-06	-2.665030e-09	-3.857464e-09	-2.423234e+01	-4.533445e+02
2.220000e-06	-2.635850e-09	-3.840966e-09	-2.396702e+01	-4.513750e+02
2.230000e-06	-2.606602e-09	-3.826142e-09	-2.370107e+01	-4.493763e+02
2.240000e-06	-2.577287e-09	-3.810605e-09	-2.343452e+01	-4.473486e+02
2.250000e-06	-2.547910e-09	-3.790149e-09	-2.316740e+01	-4.452918e+02
2.260000e-06	-2.518468e-09	-3.765428e-09	-2.289970e+01	-4.432060e+02
2.270000e-06	-2.488959e-09	-3.741180e-09	-2.263138e+01	-4.410912e+02
2.280000e-06	-2.459391e-09	-3.721474e-09	-2.236253e+01	-4.389474e+02
2.290000e-06	-2.429769e-09	-3.703920e-09	-2.209318e+01	-4.367748e+02
2.300000e-06	-2.400089e-09	-3.688230e-09	-2.182331e+01	-4.345732e+02
2.310000e-06	-2.370351e-09	-3.675075e-09	-2.155291e+01	-4.323428e+02
2.320000e-06	-2.340560e-09	-3.662566e-09	-2.128204e+01	-4.300835e+02
2.330000e-06	-2.310716e-09	-3.647964e-09	-2.101067e+01	-4.277953e+02
2.340000e-06	-2.280816e-09	-3.625459e-09	-2.073880e+01	-4.254782e+02
2.350000e-06	-2.250864e-09	-3.596675e-09	-2.046646e+01	-4.231321e+02
2.360000e-06	-2.220863e-09	-3.565680e-09	-2.019366e+01	-4.207569e+02
2.370000e-06	-2.190804e-09	-3.537215e-09	-1.992035e+01	-4.183524e+02
2.380000e-06	-2.160692e-09	-3.514372e-09	-1.964655e+01	-4.159186e+02
2.390000e-06	-2.130527e-09	-3.494180e-09	-1.937227e+01	-4.134551e+02
2.400000e-06	-2.100314e-09	-3.476486e-09	-1.909755e+01	-4.109617e+02
2.410000e-06	-2.070055e-09	-3.458123e-09	-1.882241e+01	-4.084381e+02
2.420000e-06	-2.039740e-09	-3.437106e-09	-1.854677e+01	-4.058839e+02
2.430000e-06	-2.009373e-09	-3.413492e-09	-1.827065e+01	-4.032988e+02
2.440000e-06	-1.978954e-09	-3.388282e-09	-1.799406e+01	-4.006822e+02
2.450000e-06	-1.948486e-09	-3.364534e-09	-1.771703e+01	-3.980336e+02
2.460000e-06	-1.917966e-09	-3.341976e-09	-1.743952e+01	-3.953525e+02
2.470000e-06	-1.887391e-09	-3.319638e-09	-1.716151e+01	-3.926382e+02
2.480000e-06	-1.856763e-09	-3.295406e-09	-1.688302e+01	-3.898900e+02
2.490000e-06	-1.826082e-09	-3.270642e-09	-1.660405e+01	-3.871071e+02
2.500000e-06	-1.795350e-09	-3.245476e-09	-1.632461e+01	-3.842888e+02
2.510000e-06	-1.764573e-09	-3.219333e-09	-1.604477e+01	-3.814341e+02
2.520000e-06	-1.733749e-09	-3.194717e-09	-1.576449e+01	-3.785421e+02
2.530000e-06	-1.702875e-09	-3.171915e-09	-1.548376e+01	-3.756118e+02
2.540000e-06	-1.671952e-09	-3.149391e-09	-1.520259e+01	-3.726421e+02
2.550000e-06	-1.640980e-09	-3.124839e-09	-1.492097e+01	-3.696318e+02
2.560000e-06	-1.609965e-09	-3.098365e-09	-1.463896e+01	-3.665799e+02
2.570000e-06	-1.578909e-09	-3.069380e-09	-1.435658e+01	-3.634849e+02
2.580000e-06	-1.547813e-09	-3.037735e-09	-1.407384e+01	-3.603456e+02
2.590000e-06	-1.516679e-09	-3.005688e-09	-1.379074e+01	-3.571607e+02
2.600000e-06	-1.485500e-09	-2.976688e-09	-1.350724e+01	-3.539285e+02
2.610000e-06	-1.454279e-09	-2.952626e-09	-1.322336e+01	-3.506476e+02
2.620000e-06	-1.423024e-09	-2.930047e-09	-1.293916e+01	-3.473163e+02
2.630000e-06	-1.391734e-09	-2.906044e-09	-1.265466e+01	-3.439331e+02
2.640000e-06	-1.360406e-09	-2.879636e-09	-1.236980e+01	-3.404962e+02
2.650000e-06	-1.329045e-09	-2.851062e-09	-1.208465e+01	-3.370037e+02
2.660000e-06	-1.297654e-09	-2.818630e-09	-1.179922e+01	-3.334539e+02
2.670000e-06	-1.266225e-09	-2.783249e-09	-1.151344e+01	-3.298447e+02
2.680000e-06	-1.234757e-09	-2.748648e-09	-1.122732e+01	-3.261741e+02
2.690000e-06	-1.203257e-09	-2.716005e-09	-1.094089e+01	-3.224401e+02
2.700000e-06	-1.171722e-09	-2.685508e-09	-1.065416e+01	-3.186405e+02
2.710000e-06	-1.140153e-09	-2.655069e-09	-1.036711e+01	-3.147731e+02
2.720000e-06	-1.108552e-09	-2.624207e-09	-1.007977e+01	-3.108356e+02
2.730000e-06	-1.076923e-09	-2.592418e-09	-9.792181e+00	-3.068256e+02
2.740000e-06	-1.045269e-09	-2.558532e-09	-9.504359e+00	-3.027407e+02
2.750000e-06	-1.013591e-09	-2.521506e-09	-9.216315e+00	-2.985785e+02
2.760000e-06	-9.818851e-10	-2.481503e-09	-8.928027e+00	-2.943363e+02
2.770000e-06	-9.501563e-10	-2.442044e-09	-8.639527e+00	-2.900116e+02
2.780000e-06	-9.184109e-10	-2.403336e-09	-8.350876e+00	-2.856018e+02
2.790000e-06	-8.866465e-10	-2.364215e-09	-8.062052e+00	-2.811040e+02
2.800000e-06	-8.548586e-10	-2.324424e-09	-7.773015e+00	-2.765157e+02
2.810000e-06	-8.230503e-10	-2.285319e-09	-7.483791e+00	-2.718340e+02
2.820000e-06	-7.912242e-10	-2.248242e-09	-7.194406e+00	-2.670561e+02
2.830000e-06	-7.593778e-10	-2.211321e-09	-6.904837e+00	-2.621793e+02
2.840000e-06	-7.275113e-10	-2.171891e-09	-6.615084e+00	-2.572006e+02
2.850000e-06	-6.956255e-10	-2.127820e-09	-6.325156e+00	-2.521173e+02
2.860000e-06	-6.637245e-10	-2.081462e-09	-6.035091e+00	-2.469267e+02
2.870000e-06	-6.318102e-10	-2.034761e-09	-5.744903e+00	-2.416258e+02
2.880000e-06	-5.998816e-10	-1.987504e-09	-5.454587e+00	-2.362121e+02
2.890000e-06	-5.679380e-10	-1.939483e-09	-5.164134e+00	-2.306828e+02
2.900000e-06	-5.359849e-10	-1.892317e-09	-4.873594e+00	-2.250354e+02
2.910000e-06	-5.040273e-10	-1.848063e-09	-4.583013e+00	-2.192674e+02
2.920000e-06	-4.720585e-10	-1.804672e-09	-4.292330e+00	-2.133764e+02
2.930000e-06	-4.400792e-10	-1.760418e-09	-4.001552e+00	-2.073601e+02
2.940000e-06	-4.080943e-10	-1.713849e-09	-3.710724e+00	-2.012166e+02
2.950000e-06	-3.761009e-10	-1.662377e-09	-3.419818e+00	-1.949438e+02
2.960000e-06	-3.440980e-10	-1.605050e-09	-3.128825e+00	-1.885400e+02
2.970000e-06	-3.120873e-10	-1.544512e-09	-2.837761e+00	-1.820036e+02
2.980000e-06	-2.800681e-10	-1.486350e-09	-2.546621e+00	-1.753335e+02
2.990000e-06	-2.480402e-10	-1.431777e-09	-2.255401e+00	-1.685286e+02
3.000000e-06	-2.160055e-10	-1.377313e-09	-1.964119e+00	-1.615881e+02
3.010000e-06	-1.839678e-10	-1.320987e-09	-1.672811e+00	-1.545115e+02
3.020000e-06	-1.519308e-10	-1.260637e-09	-1.381508e+00	-1.472987e+02
3.030000e-06	-1.198952e-10	-1.197084e-09	-1.090217e+00	-1.399498e+02
3.040000e-06	-8.785932e-11	-1.131455e-09	-7.989255e-01	-1.324655e+02
3.050000e-06	-5.582345e-11	-1.064462e-09	-5.076332e-01	-1.248466e+02
3.060000e-06	-2.379011e-11	-9.991975e-10	-2.163639e-01	-1.170944e+02
3.070000e-06	8.241469e-12	-9.345791e-10	7.488950e-02	-1.092106e+02
3.080000e-06	4.027246e-11	-8.692757e-10	3.661375e-01	-1.011973e+02
3.090000e-06	7.230628e-11	-8.011668e-10	6.574112e-01	-9.305698e+01
3.100000e-06	1.043435e-10	-7.280614e-10	9.487159e-01	-8.479270e+01
3.110000e-06	1.363787e-10	-6.527144e-10	1.240002e+00	-7.640783e+01
3.120000e-06	1.684088e-10	-5.771021e-10	1.531242e+00	-6.790623e+01
3.130000e-06	2.004345e-10	-5.015884e-10	1.822441e+00	-5.929220e+01
3.140000e-06	2.324544e-10	-4.255323e-10	2.113589e+00	-5.057049e+01
3.150000e-06	2.644642e-10	-3.475655e-10	2.404644e+00	-4.174630e+01
3.160000e-06	2.964650e-10	-2.703023e-10	2.695618e+00	-3.282529e+01
3.170000e-06	3.284607e-10	-1.938635e-10	2.986545e+00	-2.381352e+01
3.180000e-06	3.604475e-10	-1.154272e-10	3.277391e+00	-1.471750e+01
3.190000e-06	3.924241e-10	-3.506070e-11	3.568144e+00	-5.544133e+00
3.200000e-06	4.243898e-10	4.673395e-11	3.858798e+00	3.699275e+00
3.210000e-06	4.563421e-10	1.289937e-10	4.149331e+00	1.300505e+01
3.220000e-06	4.882858e-10	2.115737e-10	4.439786e+00	2.236516e+01
3.230000e-06	5.202237e-10	2.908823e-10	4.730187e+00	3.177124e+01
3.240000e-06	5.521527e-10	3.667316e-10	5.020508e+00	4.121465e+01
3.250000e-06	5.840730e-10	4.421880e-10	5.310749e+00	5.068645e+01
3.260000e-06	6.159807e-10	5.198820e-10	5.600876e+00	6.017746e+01
3.270000e-06	6.478711e-10	6.026246e-10	5.890846e+00	6.967833e+01
3.280000e-06	6.797454e-10	6.852078e-10	6.180669e+00	7.917949e+01
3.290000e-06	7.116001e-10	7.658256e-10	6.470314e+00	8.867128e+01
3.300000e-06	7.434360e-10	8.439986e-10	6.759788e+00	9.814390e+01
3.310000e-06	7.752546e-10	9.211362e-10	7.049105e+00	1.075875e+02
3.320000e-06	8.070561e-10	9.997251e-10	7.338266e+00	1.169924e+02
3.330000e-06	8.388367e-10	1.077999e-09	7.627237e+00	1.263486e+02
3.340000e-06	8.705928e-10	1.158841e-09	7.915986e+00	1.356463e+02
3.350000e-06	9.023277e-10	1.240556e-09	8.204542e+00	1.448761e+02
3.360000e-06	9.340392e-10	1.320753e-09	8.492884e+00	1.540284e+02
3.370000e-06	9.657292e-10	1.395546e-09	8.781032e+00	1.630939e+02
3.380000e-06	9.973980e-10	1.465048e-09	9.068987e+00	1.720636e+02
3.390000e-06	1.029039e-09	1.535123e-09	9.356689e+00	1.809287e+02
3.400000e-06	1.060650e-09	1.606096e-09	9.644119e+00	1.896808e+02
3.410000e-06	1.092234e-09	1.679401e-09	9.931303e+00	1.983117e+02
3.420000e-06	1.123791e-09	1.752452e-09	1.021824e+01	2.068137e+02
3.430000e-06	1.155313e-09	1.826291e-09	1.050486e+01	2.151796e+02
3.440000e-06	1.186802e-09	1.901206e-09	1.079118e+01	2.234025e+02
3.450000e-06	1.218254e-09	1.975047e-09	1.107717e+01	2.314759e+02
3.460000e-06	1.249666e-09	2.045123e-09	1.136279e+01	2.393942e+02
3.470000e-06	1.281046e-09	2.109617e-09	1.164811e+01	2.471518e+02
3.480000e-06	1.312392e-09	2.173920e-09	1.193313e+01	2.547440e+02
3.490000e-06	1.343704e-09	2.237568e-09	1.221785e+01	2.621666e+02
3.500000e-06	1.374984e-09	2.300417e-09	1.250226e+01	2.694159e+02
3.510000e-06	1.406225e-09	2.361100e-09	1.278633e+01	2.764887e+02
3.520000e-06	1.437430e-09	2.418011e-09	1.307006e+01	2.833827e+02
3.530000e-06	1.468599e-09	2.472597e-09	1.335347e+01	2.900958e+02
3.540000e-06	1.499732e-09	2.528584e-09	1.363656e+01	2.966267e+02
3.550000e-06	1.530827e-09	2.584897e-09	1.391929e+01	3.029747e+02
3.560000e-06	1.561878e-09	2.635424e-09	1.420163e+01	3.091397e+02
3.570000e-06	1.592879e-09	2.682380e-09	1.448351e+01	3.151219e+02
3.580000e-06	1.623833e-09	2.728020e-09	1.476497e+01	3.209223e+02
3.590000e-06	1.654743e-09	2.772930e-09	1.504602e+01	3.265423e+02
3.600000e-06	1.685605e-09	2.815088e-09	1.532664e+01	3.319840e+02
3.610000e-06	1.716419e-09	2.854826e-09	1.560682e+01	3.372498e+02
3.620000e-06	1.747183e-09	2.894488e-09	1.588655e+01	3.423424e+02
3.630000e-06	1.777896e-09	2.932992e-09	1.616582e+01	3.472654e+02
3.640000e-06	1.808556e-09	2.969891e-09	1.644459e+01	3.520223e+02
3.650000e-06	1.839163e-09	3.004078e-09	1.672290e+01	3.566174e+02
3.660000e-06	1.869722e-09	3.037123e-09	1.700076e+01	3.610549e+02
3.670000e-06	1.900231e-09	3.069086e-09	1.727816e+01	3.653397e+02
3.680000e-06	1.930686e-09	3.100124e-09	1.755509e+01	3.694767e+02
3.690000e-06	1.961089e-09	3.131157e-09	1.783153e+01	3.734711e+02
3.700000e-06	1.991445e-09	3.161620e-09	1.810755e+01	3.773284e+02
3.710000e-06	2.021753e-09	3.191969e-09	1.838313e+01	3.810540e+02
3.720000e-06	2.052008e-09	3.221813e-09	1.865823e+01	3.846536e+02
3.730000e-06	2.082208e-09	3.251113e-09	1.893283e+01	3.881330e+02
3.740000e-06	2.112355e-09	3.278097e-09	1.920694e+01	3.914979e+02
3.750000e-06	2.142449e-09	3.302633e-09	1.948058e+01	3.947542e+02
3.760000e-06	2.172486e-09	3.326474e-09	1.975370e+01	3.979077e+02
3.770000e-06	2.202463e-09	3.351661e-09	2.002627e+01	4.009640e+02
3.780000e-06	2.232386e-09	3.377515e-09	2.029835e+01	4.039288e+02
3.790000e-06	2.262256e-09	3.402217e-09	2.056995e+01	4.068076e+02
3.800000e-06	2.292072e-09	3.426891e-09	2.084106e+01	4.096058e+02
3.810000e-06	2.321831e-09	3.451937e-09	2.111165e+01	4.123287e+02
3.820000e-06	2.351532e-09	3.476533e-09	2.138171e+01	4.149813e+02
3.830000e-06	2.381184e-09	3.497805e-09	2.165133e+01	4.175683e+02
3.840000e-06	2.410779e-09	3.516288e-09	2.192043e+01	4.200946e+02
3.850000e-06	2.440307e-09	3.531954e-09	2.218892e+01	4.225644e+02
3.860000e-06	2.469770e-09	3.548097e-09	2.245681e+01	4.249819e+02
3.870000e-06	2.499169e-09	3.568973e-09	2.272413e+01	4.273510e+02
3.880000e-06	2.528509e-09	3.592422e-09	2.299090e+01	4.296753e+02
3.890000e-06	2.557785e-09	3.618146e-09	2.325711e+01	4.319582e+02
3.900000e-06	2.586994e-09	3.642432e-09	2.352269e+01	4.342028e+02
3.910000e-06	2.616132e-09	3.666597e-09	2.378764e+01	4.364119e+02
3.920000e-06	2.645204e-09	3.690375e-09	2.405198e+01	4.385882e+02
3.930000e-06	2.674210e-09	3.708369e-09	2.431572e+01	4.407340e+02
3.940000e-06	2.703143e-09	3.719819e-09	2.457880e+01	4.428512e+02
3.950000e-06	2.732008e-09	3.729096e-09	2.484126e+01	4.449417e+02
3.960000e-06	2.760803e-09	3.743398e-09	2.510308e+01	4.470072e+02
3.970000e-06	2.789521e-09	3.760756e-09	2.536421e+01	4.490490e+02
3.980000e-06	2.818160e-09	3.781333e-09	2.562461e+01	4.510682e+02
3.990000e-06	2.846721e-09	3.806983e-09	2.588431e+01	4.530658e+02
4.000000e-06	2.875206e-09	3.833473e-09	2.614332e+01	4.550426e+02
4.010000e-06	2.903615e-09	3.853712e-09	2.640163e+01	4.569991e+02
4.020000e-06	2.931937e-09	3.863975e-09	2.665915e+01	4.589359e+02
4.030000e-06	2.960168e-09	3.869810e-09	2.691585e+01	4.608533e+02
4.040000e-06	2.988312e-09	3.875647e-09	2.717175e+01	4.627514e+02
4.050000e-06	3.016373e-09	3.885897e-09	2.742691e+01	4.646304e+02
4.060000e-06	3.044357e-09	3.903738e-09	2.768135e+01	4.664902e+02
4.070000e-06	3.072261e-09	3.929125e-09	2.793508e+01	4.683308e+02
4.080000e-06	3.100083e-09	3.956375e-09	2.818805e+01	4.701521e+02
4.090000e-06	3.127815e-09	3.977550e-09	2.844021e+01	4.719539e+02
4.100000e-06	3.155452e-09	3.992116e-09	2.869151e+01	4.737359e+02
4.110000e-06	3.182998e-09	4.000968e-09	2.894197e+01	4.754979e+02
4.120000e-06	3.210452e-09	4.009362e-09	2.919160e+01	4.772397e+02
4.130000e-06	3.237817e-09	4.020615e-09	2.944042e+01	4.789611e+02
4.140000e-06	3.265098e-09	4.034714e-09	2.968848e+01	4.806618e+02
4.150000e-06	3.292297e-09	4.051500e-09	2.993579e+01	4.823415e+02
4.160000e-06	3.319413e-09	4.069440e-09	3.018236e+01	4.840002e+02
4.170000e-06	3.346447e-09	4.088219e-09	3.042816e+01	4.856375e+02
4.180000e-06	3.373401e-09	4.104637e-09	3.067325e+01	4.872535e+02
4.190000e-06	3.400274e-09	4.119114e-09	3.091759e+01	4.888480e+02
4.200000e-06	3.427060e-09	4.132788e-09	3.116116e+01	4.904209e+02
4.210000e-06	3.453758e-09	4.144808e-09	3.140391e+01	4.919722e+02
4.220000e-06	3.480369e-09	4.156676e-09	3.164587e+01	4.935020e+02
4.230000e-06	3.506886e-09	4.169741e-09	3.188699e+01	4.950103e+02
4.240000e-06	3.533309e-09	4.183938e-09	3.212724e+01	4.964972e+02
4.250000e-06	3.559637e-09	4.197851e-09	3.236664e+01	4.979629e+02
4.260000e-06	3.585870e-09	4.212523e-09	3.260517e+01	4.994076e+02
4.270000e-06	3.612009e-09	4.228279e-09	3.284284e+01	5.008314e+02
4.280000e-06	3.638052e-09	4.243396e-09	3.307964e+01	5.022347e+02
4.290000e-06	3.663997e-09	4.257404e-09	3.331555e+01	5.036176e+02
4.300000e-06	3.689843e-09	4.269582e-09	3.355056e+01	5.049805e+02
4.310000e-06	3.715596e-09	4.280419e-09	3.378473e+01	5.063236e+02
4.320000e-06	3.741263e-09	4.291043e-09	3.401810e+01	5.076473e+02
4.330000e-06	3.766837e-09	4.300908e-09	3.425065e+01	5.089518e+02
4.340000e-06	3.792317e-09	4.310236e-09	3.448233e+01	5.102376e+02
4.350000e-06	3.817705e-09	4.320751e-09	3.471317e+01	5.115049e+02
4.360000e-06	3.843007e-09	4.333609e-09	3.494323e+01	5.127541e+02
4.370000e-06	3.868224e-09	4.348126e-09	3.517253e+01	5.139855e+02
4.380000e-06	3.893350e-09	4.363841e-09	3.540099e+01	5.151993e+02
4.390000e-06	3.918375e-09	4.379604e-09	3.562853e+01	5.163959e+02
4.400000e-06	3.943292e-09	4.391467e-09	3.585509e+01	5.175755e+02
4.410000e-06	3.968100e-09	4.397928e-09	3.608067e+01	5.187384e+02
4.420000e-06	3.992807e-09	4.402457e-09	3.630532e+01	5.198849e+02
4.430000e-06	4.017407e-09	4.408612e-09	3.652900e+01	5.210151e+02
4.440000e-06	4.041896e-09	4.416817e-09	3.675167e+01	5.221294e+02
4.450000e-06	4.066275e-09	4.426717e-09	3.697334e+01	5.232278e+02
4.460000e-06	4.090543e-09	4.438027e-09	3.719400e+01	5.243106e+02
4.470000e-06	4.114704e-09	4.451480e-09	3.741370e+01	5.253779e+02
4.480000e-06	4.138764e-09	4.466039e-09	3.763247e+01	5.264300e+02
4.490000e-06	4.162722e-09	4.478514e-09	3.785030e+01	5.274668e+02
4.500000e-06	4.186570e-09	4.486352e-09	3.806715e+01	5.284887e+02
4.510000e-06	4.210307e-09	4.489334e-09	3.828298e+01	5.294957e+02
4.520000e-06	4.233934e-09	4.492735e-09	3.849782e+01	5.304880e+02
4.530000e-06	4.257448e-09	4.500011e-09	3.871162e+01	5.314656e+02
4.540000e-06	4.280838e-09	4.510053e-09	3.892430e+01	5.324288e+02
4.550000e-06	4.304101e-09	4.520963e-09	3.913582e+01	5.333777e+02
4.560000e-06	4.327234e-09	4.530967e-09	3.934616e+01	5.343125e+02
4.570000e-06	4.350242e-09	4.539535e-09	3.955537e+01	5.352332e+02
4.580000e-06	4.373126e-09	4.547765e-09	3.976344e+01	5.361402e+02
4.590000e-06	4.395886e-09	4.556588e-09	3.997039e+01	5.370337e+02
4.600000e-06	4.418528e-09	4.564629e-09	4.017627e+01	5.379137e+02
4.610000e-06	4.441051e-09	4.571884e-09	4.038107e+01	5.387807e+02
4.620000e-06	4.463463e-09	4.579218e-09	4.058486e+01	5.396348e+02
4.630000e-06	4.485768e-09	4.586143e-09	4.078766e+01	5.404764e+02
4.640000e-06	4.507962e-09	4.592253e-09	4.098947e+01	5.413058e+02
4.650000e-06	4.530056e-09	4.598556e-09	4.119036e+01	5.421233e+02
4.660000e-06	4.552054e-09	4.606848e-09	4.139038e+01	5.429292e+02
4.670000e-06	4.573950e-09	4.617175e-09	4.158948e+01	5.437240e+02
4.680000e-06	4.595730e-09	4.628666e-09	4.178752e+01	5.445080e+02
4.690000e-06	4.617383e-09	4.638512e-09	4.198440e+01	5.452817e+02
4.700000e-06	4.638911e-09	4.645136e-09	4.218015e+01	5.460455e+02
4.710000e-06	4.660310e-09	4.649666e-09	4.237473e+01	5.467997e+02
4.720000e-06	4.681581e-09	4.653498e-09	4.256813e+01	5.475449e+02
4.730000e-06	4.702724e-09	4.657356e-09	4.276038e+01	5.482815e+02
4.740000e-06	4.723742e-09	4.661390e-09	4.295149e+01	5.490099e+02
4.750000e-06	4.744642e-09	4.668409e-09	4.314153e+01	5.497307e+02
4.760000e-06	4.765416e-09	4.678874e-09	4.333042e+01	5.504441e+02
4.770000e-06	4.786063e-09	4.690618e-09	4.351816e+01	5.511506e+02
4.780000e-06	4.806595e-09	4.702312e-09	4.370485e+01	5.518507e+02
4.790000e-06	4.827014e-09	4.711084e-09	4.389051e+01	5.525447e+02
4.800000e-06	4.847321e-09	4.717544e-09	4.407515e+01	5.532329e+02
4.810000e-06	4.867506e-09	4.723515e-09	4.425869e+01	5.539157e+02
4.820000e-06	4.887561e-09	4.729618e-09	4.444105e+01	5.545933e+02
4.830000e-06	4.907479e-09	4.735416e-09	4.462216e+01	5.552660e+02
4.840000e-06	4.927254e-09	4.740235e-09	4.480196e+01	5.559341e+02
4.850000e-06	4.946891e-09	4.746606e-09	4.498051e+01	5.565976e+02
4.860000e-06	4.966393e-09	4.755752e-09	4.515785e+01	5.572567e+02
4.870000e-06	4.985765e-09	4.765639e-09	4.533399e+01	5.579114e+02
4.880000e-06	5.005009e-09	4.773574e-09	4.550897e+01	5.585619e+02
4.890000e-06	5.024123e-09	4.779846e-09	4.568276e+01	5.592080e+02
4.900000e-06	5.043115e-09	4.785938e-09	4.585545e+01	5.598498e+02
4.910000e-06	5.061996e-09	4.792225e-09	4.602713e+01	5.604870e+02
4.920000e-06	5.080765e-09	4.797578e-09	4.619779e+01	5.611196e+02
4.930000e-06	5.099411e-09	4.802350e-09	4.636734e+01	5.617473e+02
4.940000e-06	5.117929e-09	4.807648e-09	4.653572e+01	5.623699e+02
4.950000e-06	5.136311e-09	4.814183e-09	4.670286e+01	5.629871e+02
4.960000e-06	5.154546e-09	4.822050e-09	4.686867e+01	5.635986e+02
4.970000e-06	5.172635e-09	4.827192e-09	4.703314e+01	5.642040e+02
4.980000e-06	5.190582e-09	4.830207e-09	4.719633e+01	5.648031e+02
4.990000e-06	5.208394e-09	4.832903e-09	4.735828e+01	5.653953e+02
5.000000e-06	5.226073e-09	4.837321e-09	4.751904e+01	5.659803e+02
5.010000e-06	5.243624e-09	4.845457e-09	4.767862e+01	5.665578e+02
5.020000e-06	5.261048e-09	4.855137e-09	4.783705e+01	5.671272e+02
5.030000e-06	5.278348e-09	4.865489e-09	4.799436e+01	5.676881e+02
5.040000e-06	5.295530e-09	4.872861e-09	4.815058e+01	5.682402e+02
5.050000e-06	5.312593e-09	4.875201e-09	4.830574e+01	5.687831e+02
5.060000e-06	5.329539e-09	4.872553e-09	4.845982e+01	5.693165e+02
5.070000e-06	5.346355e-09	4.870362e-09	4.861272e+01	5.698398e+02
5.080000e-06	5.363031e-09	4.873907e-09	4.876435e+01	5.703530e+02
5.090000e-06	5.379569e-09	4.882174e-09	4.891473e+01	5.708556e+02
5.100000e-06	5.395966e-09	4.894521e-09	4.906382e+01	5.713475e+02
5.110000e-06	5.412221e-09	4.906183e-09	4.921162e+01	5.718284e+02
5.120000e-06	5.428333e-09	4.914919e-09	4.935813e+01	5.722982e+02
5.130000e-06	5.444303e-09	4.918510e-09	4.950333e+01	5.727569e+02
5.140000e-06	5.460131e-09	4.916613e-09	4.964725e+01	5.732043e+02
5.150000e-06	5.475817e-09	4.913358e-09	4.978988e+01	5.736406e+02
5.160000e-06	5.491366e-09	4.913146e-09	4.993127e+01	5.740657e+02
5.170000e-06	5.506772e-09	4.919337e-09	5.007135e+01	5.744799e+02
5.180000e-06	5.522017e-09	4.928846e-09	5.020997e+01	5.748832e+02
5.190000e-06	5.537089e-09	4.939758e-09	5.034701e+01	5.752760e+02
5.200000e-06	5.551988e-09	4.947326e-09	5.048248e+01	5.756585e+02
5.210000e-06	5.566723e-09	4.949694e-09	5.061646e+01	5.760310e+02
5.220000e-06	5.581310e-09	4.949222e-09	5.074910e+01	5.763941e+02
5.230000e-06	5.595749e-09	4.948354e-09	5.088039e+01	5.767480e+02
5.240000e-06	5.610046e-09	4.949848e-09	5.101039e+01	5.770933e+02
5.250000e-06	5.624211e-09	4.952430e-09	5.113918e+01	5.774305e+02
5.260000e-06	5.638242e-09	4.957668e-09	5.126677e+01	5.777601e+02
5.270000e-06	5.652145e-09	4.965283e-09	5.139318e+01	5.780828e+02
5.280000e-06	5.665916e-09	4.973476e-09	5.151840e+01	5.783990e+02
5.290000e-06	5.679544e-09	4.979550e-09	5.164231e+01	5.787093e+02
5.300000e-06	5.693010e-09	4.982699e-09	5.176476e+01	5.790145e+02
5.310000e-06	5.706308e-09	4.985606e-09	5.188567e+01	5.793151e+02
5.320000e-06	5.719446e-09	4.989950e-09	5.200513e+01	5.796116e+02
5.330000e-06	5.732439e-09	4.995834e-09	5.212327e+01	5.799047e+02
5.340000e-06	5.745294e-09	4.998893e-09	5.224016e+01	5.801950e+02
5.350000e-06	5.758015e-09	4.999509e-09	5.235582e+01	5.804829e+02
5.360000e-06	5.770604e-09	5.000778e-09	5.247030e+01	5.807691e+02
5.370000e-06	5.783061e-09	5.004529e-09	5.258356e+01	5.810539e+02
5.380000e-06	5.795390e-09	5.009860e-09	5.269566e+01	5.813379e+02
5.390000e-06	5.807599e-09	5.015055e-09	5.280668e+01	5.816214e+02
5.400000e-06	5.819671e-09	5.020406e-09	5.291645e+01	5.819047e+02
5.410000e-06	5.831572e-09	5.023803e-09	5.302466e+01	5.821882e+02
5.420000e-06	5.843287e-09	5.025619e-09	5.313118e+01	5.824721e+02
5.430000e-06	5.854829e-09	5.026302e-09	5.323612e+01	5.827567e+02
5.440000e-06	5.866218e-09	5.026870e-09	5.333968e+01	5.830420e+02
5.450000e-06	5.877463e-09	5.028557e-09	5.344194e+01	5.833281e+02
5.460000e-06	5.888573e-09	5.032578e-09	5.354295e+01	5.836150e+02
5.470000e-06	5.899545e-09	5.038225e-09	5.364272e+01	5.839028e+02
5.480000e-06	5.910368e-09	5.042628e-09	5.374113e+01	5.841913e+02
5.490000e-06	5.921029e-09	5.044691e-09	5.383807e+01	5.844805e+02
5.500000e-06	5.931511e-09	5.048105e-09	5.393338e+01	5.847700e+02
5.510000e-06	5.941797e-09	5.053399e-09	5.402690e+01	5.850598e+02
5.520000e-06	5.951875e-09	5.058288e-09	5.411854e+01	5.853495e+02
5.530000e-06	5.961772e-09	5.061586e-09	5.420853e+01	5.856388e+02
5.540000e-06	5.971513e-09	5.062877e-09	5.429710e+01	5.859275e+02
5.550000e-06	5.981109e-09	5.066253e-09	5.438435e+01	5.862152e+02
5.560000e-06	5.990564e-09	5.068771e-09	5.447032e+01	5.865014e+02
5.570000e-06	5.999873e-09	5.070163e-09	5.455497e+01	5.867859e+02
5.580000e-06	6.009041e-09	5.073600e-09	5.463833e+01	5.870681e+02
5.590000e-06	6.018086e-09	5.079276e-09	5.472058e+01	5.873478e+02
5.600000e-06	6.027011e-09	5.086180e-09	5.480172e+01	5.876246e+02
5.610000e-06	6.035776e-09	5.091645e-09	5.488142e+01	5.878980e+02
5.620000e-06	6.044348e-09	5.095365e-09	5.495937e+01	5.881677e+02
5.630000e-06	6.052730e-09	5.096756e-09	5.503558e+01	5.884333e+02
5.640000e-06	6.060946e-09	5.097469e-09	5.511029e+01	5.886946e+02
5.650000e-06	6.069018e-09	5.096846e-09	5.518368e+01	5.889513e+02
5.660000e-06	6.076949e-09	5.097625e-09	5.525580e+01	5.892031e+02
5.670000e-06	6.084736e-09	5.102350e-09	5.532660e+01	5.894497e+02
5.680000e-06	6.092370e-09	5.110422e-09	5.539602e+01	5.896911e+02
5.690000e-06	6.099865e-09	5.118556e-09	5.546417e+01	5.899271e+02
5.700000e-06	6.107238e-09	5.119902e-09	5.553121e+01	5.901576e+02
5.710000e-06	6.114474e-09	5.118294e-09	5.559700e+01	5.903826e+02
5.720000e-06	6.121531e-09	5.115905e-09	5.566117e+01	5.906020e+02
5.730000e-06	6.128382e-09	5.115635e-09	5.572347e+01	5.908161e+02
5.740000e-06	6.135050e-09	5.117899e-09	5.578410e+01	5.910248e+02
5.750000e-06	6.141570e-09	5.121780e-09	5.584338e+01	5.912283e+02
5.760000e-06	6.147952e-09	5.130362e-09	5.590141e+01	5.914267e+02
5.770000e-06	6.154192e-09	5.139533e-09	5.595815e+01	5.916205e+02
5.780000e-06	6.160281e-09	5.145479e-09	5.601352e+01	5.918097e+02
5.790000e-06	6.166227e-09	5.144352e-09	5.606758e+01	5.919947e+02
5.800000e-06	6.172045e-09	5.141122e-09	5.612048e+01	5.921758e+02
5.810000e-06	6.177740e-09	5.139957e-09	5.617226e+01	5.923534e+02
5.820000e-06	6.183266e-09	5.140895e-09	5.622251e+01	5.925278e+02
5.830000e-06	6.188575e-09	5.145102e-09	5.627079e+01	5.926995e+02
5.840000e-06	6.193686e-09	5.150294e-09	5.631726e+01	5.928687e+02
5.850000e-06	6.198634e-09	5.156289e-09	5.636225e+01	5.930358e+02
5.860000e-06	6.203427e-09	5.160389e-09	5.640583e+01	5.932014e+02
5.870000e-06	6.208066e-09	5.162712e-09	5.644801e+01	5.933656e+02
5.880000e-06	6.212556e-09	5.162064e-09	5.648883e+01	5.935289e+02
5.890000e-06	6.216902e-09	5.162019e-09	5.652836e+01	5.936916e+02
5.900000e-06	6.221124e-09	5.165662e-09	5.656675e+01	5.938540e+02
5.910000e-06	6.225228e-09	5.172440e-09	5.660406e+01	5.940163e+02
5.920000e-06	6.229178e-09	5.178080e-09	5.663998e+01	5.941789e+02
5.930000e-06	6.232944e-09	5.176730e-09	5.667422e+01	5.943418e+02
5.940000e-06	6.236542e-09	5.175077e-09	5.670693e+01	5.945052e+02
5.950000e-06	6.239990e-09	5.174850e-09	5.673829e+01	5.946692e+02
5.960000e-06	6.243267e-09	5.178150e-09	5.676809e+01	5.948339e+02
5.970000e-06	6.246362e-09	5.182888e-09	5.679623e+01	5.949992e+02
5.980000e-06	6.249286e-09	5.188856e-09	5.682281e+01	5.951651e+02
5.990000e-06	6.252049e-09	5.199415e-09	5.684793e+01	5.953315e+02
6.000000e-06	6.254656e-09	5.207213e-09	5.687165e+01	5.954981e+02
6.010000e-06	6.257096e-09	5.208099e-09	5.689383e+01	5.956649e+02
6.020000e-06	6.259325e-09	5.200366e-09	5.691410e+01	5.958314e+02
6.030000e-06	6.261330e-09	5.193154e-09	5.693233e+01	5.959975e+02
6.040000e-06	6.263159e-09	5.191846e-09	5.694896e+01	5.961626e+02
6.050000e-06	6.264853e-09	5.194021e-09	5.696436e+01	5.963264e+02
6.060000e-06	6.266406e-09	5.200223e-09	5.697849e+01	5.964884e+02
6.070000e-06	6.267801e-09	5.208908e-09	5.699116e+01	5.966482e+02
6.080000e-06	6.269032e-09	5.218964e-09	5.700236e+01	5.968053e+02
6.090000e-06	6.270119e-09	5.223390e-09	5.701224e+01	5.969589e+02
6.100000e-06	6.271086e-09	5.221278e-09	5.702104e+01	5.971088e+02
6.110000e-06	6.271921e-09	5.215933e-09	5.702863e+01	5.972541e+02
6.120000e-06	6.272559e-09	5.211340e-09	5.703443e+01	5.973944e+02
6.130000e-06	6.272974e-09	5.210225e-09	5.703821e+01	5.975291e+02
6.140000e-06	6.273213e-09	5.211463e-09	5.704038e+01	5.976575e+02
6.150000e-06	6.273320e-09	5.216248e-09	5.704135e+01	5.977792e+02
6.160000e-06	6.273293e-09	5.221180e-09	5.704111e+01	5.978935e+02
6.170000e-06	6.273117e-09	5.225665e-09	5.703951e+01	5.979999e+02
6.180000e-06	6.272788e-09	5.227846e-09	5.703652e+01	5.980979e+02
6.190000e-06	6.272311e-09	5.226076e-09	5.703217e+01	5.981871e+02
6.200000e-06	6.271708e-09	5.223358e-09	5.702669e+01	5.982670e+02
6.210000e-06	6.270988e-09	5.222855e-09	5.702015e+01	5.983373e+02
6.220000e-06	6.270100e-09	5.228867e-09	5.701208e+01	5.983975e+02
6.230000e-06	6.269010e-09	5.232229e-09	5.700217e+01	5.984473e+02
6.240000e-06	6.267745e-09	5.211779e-09	5.699066e+01	5.984867e+02
6.250000e-06	6.266319e-09	5.161103e-09	5.697770e+01	5.985152e+02
6.260000e-06	6.264671e-09	5.157749e-09	5.696271e+01	5.985329e+02
6.270000e-06	6.262725e-09	5.164311e-09	5.694501e+01	5.985396e+02
6.280000e-06	6.260570e-09	5.107883e-09	5.692542e+01	5.985354e+02
6.290000e-06	6.258355e-09	5.102786e-09	5.690528e+01	5.985202e+02
6.300000e-06	6.256003e-09	5.146154e-09	5.688390e+01	5.984941e+02
6.310000e-06	6.253454e-09	5.167873e-09	5.686072e+01	5.984573e+02
6.320000e-06	6.250774e-09	5.137887e-09	5.683635e+01	5.984101e+02
6.330000e-06	6.247949e-09	5.120155e-09	5.681066e+01	5.983525e+02
6.340000e-06	6.244941e-09	5.143842e-09	5.678332e+01	5.982851e+02
6.350000e-06	6.241755e-09	5.120153e-09	5.675435e+01	5.982079e+02
6.360000e-06	6.238420e-09	5.097691e-09	5.672402e+01	5.981216e+02
6.370000e-06	6.234930e-09	5.114753e-09	5.669229e+01	5.980263e+02
6.380000e-06	6.231301e-09	5.141117e-09	5.665929e+01	5.979226e+02
6.390000e-06	6.227581e-09	5.128198e-09	5.662547e+01	5.978109e+02
6.400000e-06	6.223725e-09	5.113962e-09	5.659040e+01	5.976918e+02
6.410000e-06	6.219643e-09	5.134820e-09	5.655329e+01	5.975655e+02
6.420000e-06	6.215333e-09	5.120084e-09	5.651410e+01	5.974328e+02
6.430000e-06	6.210858e-09	5.100479e-09	5.647341e+01	5.972939e+02
6.440000e-06	6.206210e-09	5.115328e-09	5.643115e+01	5.971494e+02
6.450000e-06	6.201380e-09	5.133705e-09	5.638723e+01	5.969998e+02
6.460000e-06	6.196432e-09	5.118692e-09	5.634224e+01	5.968455e+02
6.470000e-06	6.191386e-09	5.110123e-09	5.629636e+01	5.966870e+02
6.480000e-06	6.186191e-09	5.119912e-09	5.624912e+01	5.965245e+02
6.490000e-06	6.180820e-09	5.104797e-09	5.620029e+01	5.963586e+02
6.500000e-06	6.175284e-09	5.098953e-09	5.614995e+01	5.961894e+02
6.510000e-06	6.169560e-09	5.109372e-09	5.609791e+01	5.960174e+02
6.520000e-06	6.163640e-09	5.116033e-09	5.604408e+01	5.958427e+02
6.530000e-06	6.157544e-09	5.111300e-09	5.598864e+01	5.956657e+02
6.540000e-06	6.151286e-09	5.115725e-09	5.593174e+01	5.954863e+02
6.550000e-06	6.144879e-09	5.114658e-09	5.587348e+01	5.953048e+02
6.560000e-06	6.138330e-09	5.100218e-09	5.581394e+01	5.951212e+02
6.570000e-06	6.131633e-09	5.096577e-09	5.575305e+01	5.949355e+02
6.580000e-06	6.124778e-09	5.090223e-09	5.569071e+01	5.947478e+02
6.590000e-06	6.117784e-09	5.091726e-09	5.562712e+01	5.945579e+02
6.600000e-06	6.110665e-09	5.099524e-09	5.556239e+01	5.943657e+02
6.610000e-06	6.103395e-09	5.104240e-09	5.549628e+01	5.941710e+02
6.620000e-06	6.095926e-09	5.099422e-09	5.542837e+01	5.939737e+02
6.630000e-06	6.088246e-09	5.094683e-09	5.535854e+01	5.937736e+02
6.640000e-06	6.080401e-09	5.088135e-09	5.528721e+01	5.935702e+02
6.650000e-06	6.072420e-09	5.079197e-09	5.521464e+01	5.933634e+02
6.660000e-06	6.064291e-09	5.082964e-09	5.514072e+01	5.931529e+02
6.670000e-06	6.056000e-09	5.079727e-09	5.506534e+01	5.929382e+02
6.680000e-06	6.047568e-09	5.079274e-09	5.498867e+01	5.927189e+02
6.690000e-06	6.039008e-09	5.086800e-09	5.491084e+01	5.924948e+02
6.700000e-06	6.030312e-09	5.088929e-09	5.483177e+01	5.922655e+02
6.710000e-06	6.021455e-09	5.083515e-09	5.475124e+01	5.920304e+02
6.720000e-06	6.012425e-09	5.080045e-09	5.466912e+01	5.917893e+02
6.730000e-06	6.003238e-09	5.076700e-09	5.458559e+01	5.915418e+02
6.740000e-06	5.993907e-09	5.069477e-09	5.450075e+01	5.912874e+02
6.750000e-06	5.984423e-09	5.068800e-09	5.441451e+01	5.910258e+02
6.760000e-06	5.974769e-09	5.064204e-09	5.432673e+01	5.907567e+02
6.770000e-06	5.964951e-09	5.063030e-09	5.423746e+01	5.904798e+02
6.780000e-06	5.954980e-09	5.063812e-09	5.414679e+01	5.901947e+02
6.790000e-06	5.944847e-09	5.062133e-09	5.405466e+01	5.899011e+02
6.800000e-06	5.934535e-09	5.061137e-09	5.396090e+01	5.895989e+02
6.810000e-06	5.924023e-09	5.056861e-09	5.386532e+01	5.892879e+02
6.820000e-06	5.913309e-09	5.051743e-09	5.376790e+01	5.889678e+02
6.830000e-06	5.902410e-09	5.043069e-09	5.366880e+01	5.886386e+02
6.840000e-06	5.891355e-09	5.038962e-09	5.356828e+01	5.883000e+02
6.850000e-06	5.880155e-09	5.036244e-09	5.346644e+01	5.879522e+02
6.860000e-06	5.868814e-09	5.037987e-09	5.336332e+01	5.875950e+02
6.870000e-06	5.857337e-09	5.040332e-09	5.325896e+01	5.872285e+02
6.880000e-06	5.845726e-09	5.037880e-09	5.315339e+01	5.868528e+02
6.890000e-06	5.833986e-09	5.035570e-09	5.304664e+01	5.864679e+02
6.900000e-06	5.822106e-09	5.027977e-09	5.293862e+01	5.860739e+02
6.910000e-06	5.810067e-09	5.021398e-09	5.282915e+01	5.856711e+02
6.920000e-06	5.797851e-09	5.013085e-09	5.271808e+01	5.852596e+02
6.930000e-06	5.785462e-09	5.007738e-09	5.260543e+01	5.848397e+02
6.940000e-06	5.772910e-09	5.006019e-09	5.249129e+01	5.844115e+02
6.950000e-06	5.760202e-09	5.005309e-09	5.237574e+01	5.839754e+02
6.960000e-06	5.747351e-09	5.007625e-09	5.225890e+01	5.835317e+02
6.970000e-06	5.734362e-09	5.007547e-09	5.214080e+01	5.830807e+02
6.980000e-06	5.721239e-09	5.006749e-09	5.202147e+01	5.826226e+02
6.990000e-06	5.707981e-09	5.001292e-09	5.190092e+01	5.821579e+02
7.000000e-06	5.694587e-09	4.994019e-09	5.177913e+01	5.816869e+02
7.010000e-06	5.681050e-09	4.984721e-09	5.165604e+01	5.812099e+02
7.020000e-06	5.667355e-09	4.976530e-09	5.153152e+01	5.807273e+02
7.030000e-06	5.653491e-09	4.973133e-09	5.140546e+01	5.802394e+02
7.040000e-06	5.639450e-09	4.970999e-09	5.127779e+01	5.797466e+02
7.050000e-06	5.625249e-09	4.970681e-09	5.114866e+01	5.792491e+02
7.060000e-06	5.610906e-09	4.966028e-09	5.101825e+01	5.787474e+02
7.070000e-06	5.596427e-09	4.959171e-09	5.088659e+01	5.782417e+02
7.080000e-06	5.581807e-09	4.951780e-09	5.075366e+01	5.777323e+02
7.090000e-06	5.567041e-09	4.945804e-09	5.061940e+01	5.772195e+02
7.100000e-06	5.552118e-09	4.942207e-09	5.048370e+01	5.767036e+02
7.110000e-06	5.537027e-09	4.939961e-09	5.034649e+01	5.761847e+02
7.120000e-06	5.521769e-09	4.940890e-09	5.020775e+01	5.756631e+02
7.130000e-06	5.506341e-09	4.941842e-09	5.006748e+01	5.751389e+02
7.140000e-06	5.490751e-09	4.942708e-09	4.992572e+01	5.746124e+02
7.150000e-06	5.475001e-09	4.938141e-09	4.978251e+01	5.740836e+02
7.160000e-06	5.459105e-09	4.928369e-09	4.963797e+01	5.735527e+02
7.170000e-06	5.443080e-09	4.918277e-09	4.949226e+01	5.730198e+02
7.180000e-06	5.426932e-09	4.909538e-09	4.934543e+01	5.724848e+02
7.190000e-06	5.410659e-09	4.904453e-09	4.919747e+01	5.719479e+02
7.200000e-06	5.394251e-09	4.903177e-09	4.904827e+01	5.714090e+02
7.210000e-06	5.377711e-09	4.904946e-09	4.889788e+01	5.708681e+02
7.220000e-06	5.361038e-09	4.905780e-09	4.874628e+01	5.703252e+02
7.230000e-06	5.344222e-09	4.902424e-09	4.859338e+01	5.697802e+02
7.240000e-06	5.327262e-09	4.893063e-09	4.843916e+01	5.692330e+02
7.250000e-06	5.310151e-09	4.881456e-09	4.828358e+01	5.686834e+02
7.260000e-06	5.292885e-09	4.871349e-09	4.812659e+01	5.681315e+02
7.270000e-06	5.275476e-09	4.864674e-09	4.796829e+01	5.675769e+02
7.280000e-06	5.257930e-09	4.862724e-09	4.780875e+01	5.670197e+02
7.290000e-06	5.240255e-09	4.862681e-09	4.764804e+01	5.664594e+02
7.300000e-06	5.222466e-09	4.863045e-09	4.748629e+01	5.658961e+02
7.310000e-06	5.204558e-09	4.860789e-09	4.732346e+01	5.653295e+02
7.320000e-06	5.186527e-09	4.854190e-09	4.715951e+01	5.647593e+02
7.330000e-06	5.168369e-09	4.844318e-09	4.699440e+01	5.641853e+02
7.340000e-06	5.150076e-09	4.834430e-09	4.682807e+01	5.636074e+02
7.350000e-06	5.131642e-09	4.826304e-09	4.666045e+01	5.630251e+02
7.360000e-06	5.113066e-09	4.819371e-09	4.649155e+01	5.624384e+02
7.370000e-06	5.094345e-09	4.814084e-09	4.632132e+01	5.618470e+02
7.380000e-06	5.075481e-09	4.809607e-09	4.614980e+01	5.612506e+02
7.390000e-06	5.056481e-09	4.805715e-09	4.597704e+01	5.606489e+02
7.400000e-06	5.037348e-09	4.802302e-09	4.580307e+01	5.600417e+02
7.410000e-06	5.018091e-09	4.799793e-09	4.562798e+01	5.594287e+02
7.420000e-06	4.998718e-09	4.796677e-09	4.545182e+01	5.588097e+02
7.430000e-06	4.979231e-09	4.791557e-09	4.527463e+01	5.581844e+02
7.440000e-06	4.959628e-09	4.785349e-09	4.509639e+01	5.575525e+02
7.450000e-06	4.939901e-09	4.778652e-09	4.491702e+01	5.569139e+02
7.460000e-06	4.920051e-09	4.771046e-09	4.473652e+01	5.562683e+02
7.470000e-06	4.900076e-09	4.762316e-09	4.455490e+01	5.556154e+02
7.480000e-06	4.879971e-09	4.756074e-09	4.437209e+01	5.549550e+02
7.490000e-06	4.859730e-09	4.755004e-09	4.418804e+01	5.542869e+02
7.500000e-06	4.839352e-09	4.755413e-09	4.400275e+01	5.536109e+02
7.510000e-06	4.818832e-09	4.752674e-09	4.381618e+01	5.529267e+02
7.520000e-06	4.798171e-09	4.747207e-09	4.362831e+01	5.522342e+02
7.530000e-06	4.777383e-09	4.740010e-09	4.343929e+01	5.515331e+02
7.540000e-06	4.756483e-09	4.730937e-09	4.324925e+01	5.508234e+02
7.550000e-06	4.735477e-09	4.720283e-09	4.305825e+01	5.501047e+02
7.560000e-06	4.714360e-09	4.708861e-09	4.286625e+01	5.493771e+02
7.570000e-06	4.693132e-09	4.700417e-09	4.267323e+01	5.486402e+02
7.580000e-06	4.671797e-09	4.696216e-09	4.247923e+01	5.478940e+02
7.590000e-06	4.650355e-09	4.692873e-09	4.228427e+01	5.471384e+02
7.600000e-06	4.628796e-09	4.688752e-09	4.208824e+01	5.463733e+02
7.610000e-06	4.607116e-09	4.685159e-09	4.189111e+01	5.455986e+02
7.620000e-06	4.585322e-09	4.681092e-09	4.169294e+01	5.448142e+02
7.630000e-06	4.563406e-09	4.674766e-09	4.149367e+01	5.440200e+02
7.640000e-06	4.541365e-09	4.665439e-09	4.129325e+01	5.432160e+02
7.650000e-06	4.519195e-09	4.654864e-09	4.109167e+01	5.424022e+02
7.660000e-06	4.496896e-09	4.647662e-09	4.088891e+01	5.415785e+02
7.670000e-06	4.474478e-09	4.641434e-09	4.068508e+01	5.407450e+02
7.680000e-06	4.451946e-09	4.632979e-09	4.048020e+01	5.399016e+02
7.690000e-06	4.429296e-09	4.625247e-09	4.027425e+01	5.390484e+02
7.700000e-06	4.406523e-09	4.620741e-09	4.006718e+01	5.381854e+02
7.710000e-06	4.383622e-09	4.616915e-09	3.985895e+01	5.373127e+02
7.720000e-06	4.360591e-09	4.609555e-09	3.964953e+01	5.364304e+02
7.730000e-06	4.337434e-09	4.600215e-09	3.943898e+01	5.355384e+02
7.740000e-06	4.314155e-09	4.591512e-09	3.922730e+01	5.346369e+02
7.750000e-06	4.290753e-09	4.583385e-09	3.901452e+01	5.337259e+02
7.760000e-06	4.267231e-09	4.573246e-09	3.880064e+01	5.328056e+02
7.770000e-06	4.243586e-09	4.562412e-09	3.858564e+01	5.318761e+02
7.780000e-06	4.219812e-09	4.553677e-09	3.836948e+01	5.309373e+02
7.790000e-06	4.195912e-09	4.546790e-09	3.815216e+01	5.299895e+02
7.800000e-06	4.171898e-09	4.540916e-09	3.793381e+01	5.290327e+02
7.810000e-06	4.147782e-09	4.532146e-09	3.771454e+01	5.280670e+02
7.820000e-06	4.123575e-09	4.522276e-09	3.749443e+01	5.270925e+02
7.830000e-06	4.099279e-09	4.514543e-09	3.727351e+01	5.261092e+02
7.840000e-06	4.074890e-09	4.507954e-09	3.705175e+01	5.251172e+02
7.850000e-06	4.050404e-09	4.500324e-09	3.682910e+01	5.241165e+02
7.860000e-06	4.025816e-09	4.489740e-09	3.660553e+01	5.231071e+02
7.870000e-06	4.001123e-09	4.478504e-09	3.638100e+01	5.220891e+02
7.880000e-06	3.976314e-09	4.468553e-09	3.615543e+01	5.210624e+02
7.890000e-06	3.951390e-09	4.461444e-09	3.592880e+01	5.200270e+02
7.900000e-06	3.926362e-09	4.455396e-09	3.570123e+01	5.189828e+02
7.910000e-06	3.901237e-09	4.448400e-09	3.547278e+01	5.179297e+02
7.920000e-06	3.876011e-09	4.442244e-09	3.524340e+01	5.168675e+02
7.930000e-06	3.850677e-09	4.435158e-09	3.501305e+01	5.157961e+02
7.940000e-06	3.825235e-09	4.425633e-09	3.478171e+01	5.147153e+02
7.950000e-06	3.799688e-09	4.412404e-09	3.454942e+01	5.136248e+02
7.960000e-06	3.774047e-09	4.396986e-09	3.431628e+01	5.125244e+02
7.970000e-06	3.748320e-09	4.383751e-09	3.408235e+01	5.114137e+02
7.980000e-06	3.722504e-09	4.374263e-09	3.384761e+01	5.102925e+02
7.990000e-06	3.696600e-09	4.365289e-09	3.361207e+01	5.091603e+02
8.000000e-06	3.670604e-09	4.354117e-09	3.337571e+01	5.080167e+02
8.010000e-06	3.644518e-09	4.343715e-09	3.313851e+01	5.068613e+02
8.020000e-06	3.618345e-09	4.334777e-09	3.290053e+01	5.056935e+02
8.030000e-06	3.592080e-09	4.324509e-09	3.266171e+01	5.045130e+02
8.040000e-06	3.565720e-09	4.310633e-09	3.242203e+01	5.033190e+02
8.050000e-06	3.539262e-09	4.296014e-09	3.218145e+01	5.021111e+02
8.060000e-06	3.512707e-09	4.284634e-09	3.193999e+01	5.008886e+02
8.070000e-06	3.486062e-09	4.275614e-09	3.169772e+01	4.996509e+02
8.080000e-06	3.459328e-09	4.266616e-09	3.145464e+01	4.983973e+02
8.090000e-06	3.432506e-09	4.256075e-09	3.121075e+01	4.971273e+02
8.100000e-06	3.405596e-09	4.245428e-09	3.096607e+01	4.958401e+02
8.110000e-06	3.378594e-09	4.235782e-09	3.072055e+01	4.945350e+02
8.120000e-06	3.351503e-09	4.225877e-09	3.047422e+01	4.932113e+02
8.130000e-06	3.324324e-09	4.214115e-09	3.022709e+01	4.918684e+02
8.140000e-06	3.297058e-09	4.200574e-09	2.997917e+01	4.905055e+02
8.150000e-06	3.269706e-09	4.186795e-09	2.973046e+01	4.891220e+02
8.160000e-06	3.242263e-09	4.172581e-09	2.948093e+01	4.877172e+02
8.170000e-06	3.214732e-09	4.158110e-09	2.923060e+01	4.862904e+02
8.180000e-06	3.187119e-09	4.143948e-09	2.897952e+01	4.848409e+02
8.190000e-06	3.159422e-09	4.130480e-09	2.872768e+01	4.833682e+02
8.200000e-06	3.131637e-09	4.119199e-09	2.847505e+01	4.818716e+02
8.210000e-06	3.103773e-09	4.109727e-09	2.822168e+01	4.803505e+02
8.220000e-06	3.075828e-09	4.099452e-09	2.796759e+01	4.788044e+02
8.230000e-06	3.047792e-09	4.085889e-09	2.771267e+01	4.772327e+02
8.240000e-06	3.019664e-09	4.069871e-09	2.745691e+01	4.756351e+02
8.250000e-06	2.991456e-09	4.053544e-09	2.720043e+01	4.740109e+02
8.260000e-06	2.963173e-09	4.037649e-09	2.694325e+01	4.723598e+02
8.270000e-06	2.934812e-09	4.022815e-09	2.668538e+01	4.706815e+02
8.280000e-06	2.906372e-09	4.009412e-09	2.642678e+01	4.689756e+02
8.290000e-06	2.877850e-09	3.997741e-09	2.616744e+01	4.672417e+02
8.300000e-06	2.849242e-09	3.986113e-09	2.590732e+01	4.654796e+02
8.310000e-06	2.820549e-09	3.972669e-09	2.564642e+01	4.636892e+02
8.320000e-06	2.791778e-09	3.956866e-09	2.538482e+01	4.618701e+02
8.330000e-06	2.762935e-09	3.939611e-09	2.512255e+01	4.600223e+02
8.340000e-06	2.734030e-09	3.921966e-09	2.485973e+01	4.581456e+02
8.350000e-06	2.705062e-09	3.903686e-09	2.459633e+01	4.562399e+02
8.360000e-06	2.676027e-09	3.886346e-09	2.433232e+01	4.543052e+02
8.370000e-06	2.646931e-09	3.870031e-09	2.406776e+01	4.523414e+02
8.380000e-06	2.617775e-09	3.854635e-09	2.380266e+01	4.503486e+02
8.390000e-06	2.588558e-09	3.840988e-09	2.353700e+01	4.483267e+02
8.400000e-06	2.559282e-09	3.826500e-09	2.327080e+01	4.462757e+02
8.410000e-06	2.529950e-09	3.808872e-09	2.300409e+01	4.441956e+02
8.420000e-06	2.500558e-09	3.788648e-09	2.273684e+01	4.420866e+02
8.430000e-06	2.471102e-09	3.770130e-09	2.246901e+01	4.399486e+02
8.440000e-06	2.441575e-09	3.753332e-09	2.220052e+01	4.377817e+02
8.450000e-06	2.411977e-09	3.733309e-09	2.193140e+01	4.355859e+02
8.460000e-06	2.382314e-09	3.710202e-09	2.166169e+01	4.333612e+02
8.470000e-06	2.352589e-09	3.688442e-09	2.139141e+01	4.311077e+02
8.480000e-06	2.322804e-09	3.670023e-09	2.112058e+01	4.288252e+02
8.490000e-06	2.292957e-09	3.652947e-09	2.084919e+01	4.265138e+02
8.500000e-06	2.263061e-09	3.635030e-09	2.057735e+01	4.241734e+02
8.510000e-06	2.233116e-09	3.615600e-09	2.030507e+01	4.218040e+02
8.520000e-06	2.203113e-09	3.596418e-09	2.003227e+01	4.194052e+02
8.530000e-06	2.173059e-09	3.577427e-09	1.975900e+01	4.169771e+02
8.540000e-06	2.142950e-09	3.555860e-09	1.948522e+01	4.145194e+02
8.550000e-06	2.112780e-09	3.532155e-09	1.921090e+01	4.120318e+02
8.560000e-06	2.082553e-09	3.509482e-09	1.893605e+01	4.095141e+02
8.570000e-06	2.052264e-09	3.488961e-09	1.866064e+01	4.069658e+02
8.580000e-06	2.021918e-09	3.468686e-09	1.838472e+01	4.043866e+02
8.590000e-06	1.991514e-09	3.447227e-09	1.810827e+01	4.017760e+02
8.600000e-06	1.961052e-09	3.427052e-09	1.783128e+01	3.991335e+02
8.610000e-06	1.930546e-09	3.408980e-09	1.755390e+01	3.964585e+02
8.620000e-06	1.899992e-09	3.389967e-09	1.727608e+01	3.937505e+02
8.630000e-06	1.869391e-09	3.367771e-09	1.699784e+01	3.910087e+02
8.640000e-06	1.838746e-09	3.344102e-09	1.671919e+01	3.882323e+02
8.650000e-06	1.808054e-09	3.321103e-09	1.644012e+01	3.854206e+02
8.660000e-06	1.777324e-09	3.297355e-09	1.616070e+01	3.825727e+02
8.670000e-06	1.746553e-09	3.271445e-09	1.588091e+01	3.796877e+02
8.680000e-06	1.715740e-09	3.243915e-09	1.560073e+01	3.767645e+02
8.690000e-06	1.684879e-09	3.216468e-09	1.532013e+01	3.738021e+02
8.700000e-06	1.653974e-09	3.190456e-09	1.503911e+01	3.707994e+02
8.710000e-06	1.623028e-09	3.165460e-09	1.475773e+01	3.677552e+02
8.720000e-06	1.592042e-09	3.141296e-09	1.447599e+01	3.646683e+02
8.730000e-06	1.561017e-09	3.117235e-09	1.419389e+01	3.615372e+02
8.740000e-06	1.529951e-09	3.092051e-09	1.391142e+01	3.583608e+02
8.750000e-06	1.498845e-09	3.064360e-09	1.362858e+01	3.551374e+02
8.760000e-06	1.467694e-09	3.034002e-09	1.334533e+01	3.518655e+02
8.770000e-06	1.436500e-09	3.003158e-09	1.306169e+01	3.485437e+02
8.780000e-06	1.405270e-09	2.972738e-09	1.277773e+01	3.451702e+02
8.790000e-06	1.374006e-09	2.942258e-09	1.249346e+01	3.417433e+02
8.800000e-06	1.342705e-09	2.910487e-09	1.220885e+01	3.382613e+02
8.810000e-06	1.311368e-09	2.877461e-09	1.192390e+01	3.347222e+02
8.820000e-06	1.279995e-09	2.845385e-09	1.163864e+01	3.311242e+02
8.830000e-06	1.248586e-09	2.816063e-09	1.135305e+01	3.274652e+02
8.840000e-06	1.217142e-09	2.787935e-09	1.106714e+01	3.237432e+02
8.850000e-06	1.185664e-09	2.758433e-09	1.078092e+01	3.199560e+02
8.860000e-06	1.154149e-09	2.726629e-09	1.049436e+01	3.161015e+02
8.870000e-06	1.122606e-09	2.691719e-09	1.020755e+01	3.121772e+02
8.880000e-06	1.091036e-09	2.653055e-09	9.920500e+00	3.081810e+02
8.890000e-06	1.059439e-09	2.612021e-09	9.633199e+00	3.041104e+02
8.900000e-06	1.027820e-09	2.571499e-09	9.345694e+00	2.999630e+02
8.910000e-06	9.961732e-10	2.533710e-09	9.057942e+00	2.957361e+02
8.920000e-06	9.645003e-10	2.499548e-09	8.769949e+00	2.914272e+02
8.930000e-06	9.328078e-10	2.465186e-09	8.481780e+00	2.870336e+02
8.940000e-06	9.010953e-10	2.427153e-09	8.193428e+00	2.825528e+02
8.950000e-06	8.693595e-10	2.386165e-09	7.904864e+00	2.779818e+02
8.960000e-06	8.376029e-10	2.342813e-09	7.616111e+00	2.733180e+02
8.970000e-06	8.058230e-10	2.296921e-09	7.327147e+00	2.685586e+02
8.980000e-06	7.740180e-10	2.249628e-09	7.037954e+00	2.637008e+02
8.990000e-06	7.421911e-10	2.205126e-09	6.748561e+00	2.587417e+02
9.000000e-06	7.103436e-10	2.164691e-09	6.458983e+00	2.536785e+02
9.010000e-06	6.784802e-10	2.126012e-09	6.169258e+00	2.485085e+02
9.020000e-06	6.465991e-10	2.084692e-09	5.879373e+00	2.432288e+02
9.030000e-06	6.147025e-10	2.038023e-09	5.589348e+00	2.378367e+02
9.040000e-06	5.827952e-10	1.986531e-09	5.299224e+00	2.323296e+02
9.050000e-06	5.508725e-10	1.931850e-09	5.008961e+00	2.267048e+02
9.060000e-06	5.189361e-10	1.878174e-09	4.718573e+00	2.209599e+02
9.070000e-06	4.869894e-10	1.826543e-09	4.428092e+00	2.150925e+02
9.080000e-06	4.550313e-10	1.776205e-09	4.137507e+00	2.091002e+02
9.090000e-06	4.230618e-10	1.727196e-09	3.846818e+00	2.029809e+02
9.100000e-06	3.910788e-10	1.677869e-09	3.556007e+00	1.967328e+02
9.110000e-06	3.590815e-10	1.625949e-09	3.265065e+00	1.903539e+02
9.120000e-06	3.270730e-10	1.570091e-09	2.974021e+00	1.838428e+02
9.130000e-06	2.950538e-10	1.511006e-09	2.682881e+00	1.771982e+02
9.140000e-06	2.630270e-10	1.450707e-09	2.391671e+00	1.704188e+02
9.150000e-06	2.309939e-10	1.388778e-09	2.100404e+00	1.635040e+02
9.160000e-06	1.989552e-10	1.324409e-09	1.809086e+00	1.564531e+02
9.170000e-06	1.669158e-10	1.259595e-09	1.517762e+00	1.492660e+02
9.180000e-06	1.348765e-10	1.195084e-09	1.226438e+00	1.419429e+02
9.190000e-06	1.028351e-10	1.129769e-09	9.350955e-01	1.344840e+02
9.200000e-06	7.079320e-11	1.062827e-09	6.437487e-01	1.268904e+02
9.210000e-06	3.875621e-11	9.959159e-10	3.524463e-01	1.191632e+02
9.220000e-06	6.719644e-12	9.307515e-10	6.114772e-02	1.113040e+02
9.230000e-06	-2.532575e-11	8.662730e-10	-2.302311e-01	1.033148e+02
9.240000e-06	-5.737187e-11	7.986280e-10	-5.216166e-01	9.519820e+01
9.250000e-06	-8.941180e-11	7.262078e-10	-8.129458e-01	8.695697e+01
9.260000e-06	-1.214500e-10	6.508440e-10	-1.104259e+00	7.859446e+01
9.270000e-06	-1.534841e-10	5.736691e-10	-1.395536e+00	7.011444e+01
9.280000e-06	-1.855126e-10	4.956895e-10	-1.686760e+00	6.152114e+01
9.290000e-06	-2.175356e-10	4.170197e-10	-1.977936e+00	5.281922e+01
9.300000e-06	-2.495519e-10	3.386206e-10	-2.269050e+00	4.401382e+01
9.310000e-06	-2.815571e-10	2.628214e-10	-2.560063e+00	3.511048e+01
9.320000e-06	-3.135569e-10	1.887200e-10	-2.851028e+00	2.611522e+01
9.330000e-06	-3.455493e-10	1.133222e-10	-3.141925e+00	1.703445e+01
9.340000e-06	-3.775203e-10	3.504301e-11	-3.432627e+00	7.875004e+00
9.350000e-06	-4.094766e-10	-4.684731e-11	-3.723196e+00	-1.355874e+00
9.360000e-06	-4.414223e-10	-1.309954e-10	-4.013668e+00	-1.065058e+01
9.370000e-06	-4.733551e-10	-2.145842e-10	-4.304023e+00	-2.000114e+01
9.380000e-06	-5.052809e-10	-2.961467e-10	-4.594315e+00	-2.939926e+01
9.390000e-06	-5.371945e-10	-3.753986e-10	-4.884495e+00	-3.883633e+01
9.400000e-06	-5.690923e-10	-4.539224e-10	-5.174532e+00	-4.830348e+01
9.410000e-06	-6.009750e-10	-5.326495e-10	-5.464431e+00	-5.779156e+01
9.420000e-06	-6.328410e-10	-6.096961e-10	-5.754178e+00	-6.729124e+01
9.430000e-06	-6.646885e-10	-6.880300e-10	-6.043758e+00	-7.679300e+01
9.440000e-06	-6.965134e-10	-7.681345e-10	-6.333132e+00	-8.628718e+01
9.450000e-06	-7.283184e-10	-8.487002e-10	-6.622325e+00	-9.576401e+01
9.460000e-06	-7.601007e-10	-9.277827e-10	-6.911311e+00	-1.052137e+02
9.470000e-06	-7.918597e-10	-1.005043e-09	-7.200086e+00	-1.146264e+02
9.480000e-06	-8.235993e-10	-1.084451e-09	-7.488684e+00	-1.239922e+02
9.490000e-06	-8.553184e-10	-1.164695e-09	-7.777096e+00	-1.333014e+02
9.500000e-06	-8.870139e-10	-1.245112e-09	-8.065293e+00	-1.425444e+02
9.510000e-06	-9.186864e-10	-1.322729e-09	-8.353281e+00	-1.517117e+02
9.520000e-06	-9.503362e-10	-1.397785e-09	-8.641063e+00	-1.607938e+02
9.530000e-06	-9.819595e-10	-1.473113e-09	-8.928604e+00	-1.697818e+02
9.540000e-06	-1.013557e-09	-1.548192e-09	-9.215909e+00	-1.786668e+02
9.550000e-06	-1.045135e-09	-1.623342e-09	-9.503035e+00	-1.874403e+02
9.560000e-06	-1.076687e-09	-1.697460e-09	-9.789934e+00	-1.960940e+02
9.570000e-06	-1.108209e-09	-1.772591e-09	-1.007655e+01	-2.046204e+02
9.580000e-06	-1.139699e-09	-1.848742e-09	-1.036288e+01	-2.130118e+02
9.590000e-06	-1.171153e-09	-1.924652e-09	-1.064888e+01	-2.212615e+02
9.600000e-06	-1.202572e-09	-1.998476e-09	-1.093456e+01	-2.293629e+02
9.610000e-06	-1.233956e-09	-2.068037e-09	-1.121993e+01	-2.373102e+02
9.620000e-06	-1.265307e-09	-2.136848e-09	-1.150499e+01	-2.450978e+02
9.630000e-06	-1.296618e-09	-2.205786e-09	-1.178970e+01	-2.527208e+02
9.640000e-06	-1.327892e-09	-2.274099e-09	-1.207406e+01	-2.601749e+02
9.650000e-06	-1.359136e-09	-2.338771e-09	-1.235815e+01	-2.674564e+02
9.660000e-06	-1.390345e-09	-2.402554e-09	-1.264192e+01	-2.745620e+02
9.670000e-06	-1.421514e-09	-2.469676e-09	-1.292533e+01	-2.814891e+02
9.680000e-06	-1.452643e-09	-2.536324e-09	-1.320838e+01	-2.882356e+02
9.690000e-06	-1.483730e-09	-2.598521e-09	-1.349104e+01	-2.948003e+02
9.700000e-06	-1.514772e-09	-2.654682e-09	-1.377330e+01	-3.011821e+02
9.710000e-06	-1.545772e-09	-2.708762e-09	-1.405518e+01	-3.073808e+02
9.720000e-06	-1.576733e-09	-2.761302e-09	-1.433669e+01	-3.133967e+02
9.730000e-06	-1.607648e-09	-2.812987e-09	-1.461779e+01	-3.192306e+02
9.740000e-06	-1.638519e-09	-2.862870e-09	-1.489849e+01	-3.248839e+02
9.750000e-06	-1.669350e-09	-2.910500e-09	-1.517883e+01	-3.303584e+02
9.760000e-06	-1.700144e-09	-2.958882e-09	-1.545883e+01	-3.356565e+02
9.770000e-06	-1.730892e-09	-3.006744e-09	-1.573841e+01	-3.407811e+02
9.780000e-06	-1.761596e-09	-3.053448e-09	-1.601759e+01	-3.457352e+02
9.790000e-06	-1.792265e-09	-3.096093e-09	-1.629646e+01	-3.505227e+02
9.800000e-06	-1.822892e-09	-3.135363e-09	-1.657494e+01	-3.551475e+02
9.810000e-06	-1.853467e-09	-3.172638e-09	-1.685295e+01	-3.596139e+02
9.820000e-06	-1.883996e-09	-3.208032e-09	-1.713055e+01	-3.639268e+02
9.830000e-06	-1.914483e-09	-3.242136e-09	-1.740775e+01	-3.680909e+02
9.840000e-06	-1.944918e-09	-3.274758e-09	-1.768449e+01	-3.721115e+02
9.850000e-06	-1.975295e-09	-3.308025e-09	-1.796070e+01	-3.759939e+02
9.860000e-06	-2.005617e-09	-3.343276e-09	-1.823641e+01	-3.797437e+02
9.870000e-06	-2.035887e-09	-3.379657e-09	-1.851165e+01	-3.833665e+02
9.880000e-06	-2.066096e-09	-3.412648e-09	-1.878632e+01	-3.868680e+02
9.890000e-06	-2.096247e-09	-3.442212e-09	-1.906047e+01	-3.902539e+02
9.900000e-06	-2.126345e-09	-3.470448e-09	-1.933415e+01	-3.935302e+02
9.910000e-06	-2.156389e-09	-3.497530e-09	-1.960733e+01	-3.967026e+02
9.920000e-06	-2.186379e-09	-3.523266e-09	-1.988002e+01	-3.997768e+02
9.930000e-06	-2.216318e-09	-3.548275e-09	-2.015225e+01	-4.027585e+02
9.940000e-06	-2.246198e-09	-3.573826e-09	-2.042393e+01	-4.056531e+02
9.950000e-06	-2.276020e-09	-3.598672e-09	-2.069510e+01	-4.084662e+02
9.960000e-06	-2.305787e-09	-3.623688e-09	-2.096576e+01	-4.112030e+02
9.970000e-06	-2.335491e-09	-3.648539e-09	-2.123585e+01	-4.138686e+02
9.980000e-06	-2.365128e-09	-3.673014e-09	-2.150533e+01	-4.164678e+02
9.990000e-06	-2.394699e-09	-3.697161e-09	-2.177421e+01	-4.190054e+02
1.000000e-05	-2.424205e-09	-3.720172e-09	-2.204250e+01	-4.214857e+02
1.001000e-05	-2.453649e-09	-3.741472e-09	-2.231022e+01	-4.239129e+02
1.002000e-05	-2.483027e-09	-3.760779e-09	-2.257735e+01	-4.262910e+02
1.003000e-05	-2.512348e-09	-3.780113e-09	-2.284395e+01	-4.286237e+02
1.004000e-05	-2.541616e-09	-3.798689e-09	-2.311008e+01	-4.309144e+02
1.005000e-05	-2.570822e-09	-3.816284e-09	-2.337564e+01	-4.331662e+02
1.006000e-05	-2.599964e-09	-3.834749e-09	-2.364062e+01	-4.353820e+02
1.007000e-05	-2.629045e-09	-3.855298e-09	-2.390505e+01	-4.375644e+02
1.008000e-05	-2.658063e-09	-3.877880e-09	-2.416890e+01	-4.397159e+02
1.009000e-05	-2.687018e-09	-3.898795e-09	-2.443218e+01	-4.418385e+02
1.010000e-05	-2.715903e-09	-3.916776e-09	-2.469482e+01	-4.439341e+02
1.011000e-05	-2.744717e-09	-3.932091e-09	-2.495681e+01	-4.460043e+02
1.012000e-05	-2.773451e-09	-3.946777e-09	-2.521809e+01	-4.480505e+02
1.013000e-05	-2.802107e-09	-3.962568e-09	-2.547865e+01	-4.500739e+02
1.014000e-05	-2.830694e-09	-3.979989e-09	-2.573857e+01	-4.520756e+02
1.015000e-05	-2.859205e-09	-3.998540e-09	-2.599782e+01	-4.540563e+02
1.016000e-05	-2.887634e-09	-4.015542e-09	-2.625632e+01	-4.560166e+02
1.017000e-05	-2.915981e-09	-4.033425e-09	-2.651406e+01	-4.579570e+02
1.018000e-05	-2.944246e-09	-4.051148e-09	-2.677107e+01	-4.598780e+02
1.019000e-05	-2.972430e-09	-4.066478e-09	-2.702734e+01	-4.617796e+02
1.020000e-05	-3.000528e-09	-4.079348e-09	-2.728283e+01	-4.636621e+02
1.021000e-05	-3.028540e-09	-4.090472e-09	-2.753753e+01	-4.655254e+02
1.022000e-05	-3.056464e-09	-4.101639e-09	-2.779143e+01	-4.673694e+02
1.023000e-05	-3.084303e-09	-4.113648e-09	-2.804457e+01	-4.691942e+02
1.024000e-05	-3.112061e-09	-4.129107e-09	-2.829696e+01	-4.709994e+02
1.025000e-05	-3.139734e-09	-4.147378e-09	-2.854858e+01	-4.727849e+02
1.026000e-05	-3.167326e-09	-4.167387e-09	-2.879947e+01	-4.745505e+02
1.027000e-05	-3.194834e-09	-4.185794e-09	-2.904959e+01	-4.762958e+02
1.028000e-05	-3.222258e-09	-4.199233e-09	-2.929895e+01	-4.780208e+02
1.029000e-05	-3.249598e-09	-4.209153e-09	-2.954754e+01	-4.797250e+02
1.030000e-05	-3.276856e-09	-4.218078e-09	-2.979540e+01	-4.814084e+02
1.031000e-05	-3.304034e-09	-4.229153e-09	-3.004251e+01	-4.830707e+02
1.032000e-05	-3.331125e-09	-4.242991e-09	-3.028884e+01	-4.847118e+02
1.033000e-05	-3.358132e-09	-4.258610e-09	-3.053441e+01	-4.863314e+02
1.034000e-05	-3.385050e-09	-4.273083e-09	-3.077916e+01	-4.879296e+02
1.035000e-05	-3.411870e-09	-4.285667e-09	-3.102303e+01	-4.895062e+02
1.036000e-05	-3.438604e-09	-4.299280e-09	-3.126611e+01	-4.910612e+02
1.037000e-05	-3.465255e-09	-4.312818e-09	-3.150844e+01	-4.925947e+02
1.038000e-05	-3.491817e-09	-4.324008e-09	-3.174996e+01	-4.941067e+02
1.039000e-05	-3.518282e-09	-4.333575e-09	-3.199060e+01	-4.955973e+02
1.040000e-05	-3.544652e-09	-4.344493e-09	-3.223038e+01	-4.970667e+02
1.041000e-05	-3.570928e-09	-4.357505e-09	-3.246930e+01	-4.985150e+02
1.042000e-05	-3.597113e-09	-4.369629e-09	-3.270739e+01	-4.999424e+02
1.043000e-05	-3.623210e-09	-4.379982e-09	-3.294468e+01	-5.013492e+02
1.044000e-05	-3.649218e-09	-4.390161e-09	-3.318116e+01	-5.027356e+02
1.045000e-05	-3.675135e-09	-4.400963e-09	-3.341682e+01	-5.041020e+02
1.046000e-05	-3.700966e-09	-4.411396e-09	-3.365170e+01	-5.054486e+02
1.047000e-05	-3.726716e-09	-4.421632e-09	-3.388583e+01	-5.067757e+02
1.048000e-05	-3.752380e-09	-4.432833e-09	-3.411918e+01	-5.080836e+02
1.049000e-05	-3.777948e-09	-4.444644e-09	-3.435167e+01	-5.093727e+02
1.050000e-05	-3.803422e-09	-4.455781e-09	-3.458330e+01	-5.106433e+02
1.051000e-05	-3.828796e-09	-4.464889e-09	-3.481402e+01	-5.118957e+02
1.052000e-05	-3.854065e-09	-4.472718e-09	-3.504378e+01	-5.131303e+02
1.053000e-05	-3.879230e-09	-4.481549e-09	-3.527260e+01	-5.143473e+02
1.054000e-05	-3.904294e-09	-4.492217e-09	-3.550049e+01	-5.155470e+02
1.055000e-05	-3.929257e-09	-4.504080e-09	-3.572748e+01	-5.167298e+02
1.056000e-05	-3.954114e-09	-4.516645e-09	-3.595350e+01	-5.178958e+02
1.057000e-05	-3.978863e-09	-4.529791e-09	-3.617852e+01	-5.190453e+02
1.058000e-05	-4.003503e-09	-4.541643e-09	-3.640257e+01	-5.201786e+02
1.059000e-05	-4.028039e-09	-4.550336e-09	-3.662567e+01	-5.212958e+02
1.060000e-05	-4.052472e-09	-4.557105e-09	-3.684783e+01	-5.223973e+02
1.061000e-05	-4.076798e-09	-4.565059e-09	-3.706902e+01	-5.234830e+02
1.062000e-05	-4.101023e-09	-4.575114e-09	-3.728929e+01	-5.245533e+02
1.063000e-05	-4.125150e-09	-4.584314e-09	-3.750867e+01	-5.256083e+02
1.064000e-05	-4.149177e-09	-4.592127e-09	-3.772714e+01	-5.266481e+02
1.065000e-05	-4.173100e-09	-4.599651e-09	-3.794466e+01	-5.276729e+02
1.066000e-05	-4.196909e-09	-4.607543e-09	-3.816115e+01	-5.286827e+02
1.067000e-05	-4.220595e-09	-4.615898e-09	-3.837652e+01	-5.296779e+02
1.068000e-05	-4.244156e-09	-4.623467e-09	-3.859076e+01	-5.306583e+02
1.069000e-05	-4.267599e-09	-4.631474e-09	-3.880392e+01	-5.316244e+02
1.070000e-05	-4.290922e-09	-4.639335e-09	-3.901599e+01	-5.325760e+02
1.071000e-05	-4.314124e-09	-4.646116e-09	-3.922695e+01	-5.335135e+02
1.072000e-05	-4.337203e-09	-4.652148e-09	-3.943681e+01	-5.344370e+02
1.073000e-05	-4.360161e-09	-4.657416e-09	-3.964555e+01	-5.353466e+02
1.074000e-05	-4.382994e-09	-4.662607e-09	-3.985317e+01	-5.362427e+02
1.075000e-05	-4.405700e-09	-4.668584e-09	-4.005963e+01	-5.371253e+02
1.076000e-05	-4.428275e-09	-4.677558e-09	-4.026489e+01	-5.379948e+02
1.077000e-05	-4.450719e-09	-4.687419e-09	-4.046897e+01	-5.388513e+02
1.078000e-05	-4.473035e-09	-4.693970e-09	-4.067188e+01	-5.396953e+02
1.079000e-05	-4.495224e-09	-4.698839e-09	-4.087364e+01	-5.405269e+02
1.080000e-05	-4.517290e-09	-4.704053e-09	-4.107428e+01	-5.413466e+02
1.081000e-05	-4.539235e-09	-4.709461e-09	-4.127382e+01	-5.421546e+02
1.082000e-05	-4.561058e-09	-4.714346e-09	-4.147225e+01	-5.429514e+02
1.083000e-05	-4.582765e-09	-4.717456e-09	-4.166962e+01	-5.437374e+02
1.084000e-05	-4.604365e-09	-4.720344e-09	-4.186603e+01	-5.445129e+02
1.085000e-05	-4.625859e-09	-4.725733e-09	-4.206147e+01	-5.452783e+02
1.086000e-05	-4.647246e-09	-4.732628e-09	-4.225593e+01	-5.460342e+02
1.087000e-05	-4.668526e-09	-4.739102e-09	-4.244943e+01	-5.467809e+02
1.088000e-05	-4.689699e-09	-4.744867e-09	-4.264195e+01	-5.475190e+02
1.089000e-05	-4.710760e-09	-4.750632e-09	-4.283344e+01	-5.482487e+02
1.090000e-05	-4.731707e-09	-4.757724e-09	-4.302391e+01	-5.489706e+02
1.091000e-05	-4.752543e-09	-4.765083e-09	-4.321336e+01	-5.496852e+02
1.092000e-05	-4.773266e-09	-4.770210e-09	-4.340180e+01	-5.503927e+02
1.093000e-05	-4.793861e-09	-4.772609e-09	-4.358906e+01	-5.510937e+02
1.094000e-05	-4.814315e-09	-4.775248e-09	-4.377504e+01	-5.517886e+02
1.095000e-05	-4.834631e-09	-4.779953e-09	-4.395976e+01	-5.524775e+02
1.096000e-05	-4.854812e-09	-4.786293e-09	-4.414327e+01	-5.531610e+02
1.097000e-05	-4.874862e-09	-4.791772e-09	-4.432557e+01	-5.538393e+02
1.098000e-05	-4.894781e-09	-4.796198e-09	-4.450669e+01	-5.545126e+02
1.099000e-05	-4.914578e-09	-4.802878e-09	-4.468671e+01	-5.551812e+02
1.100000e-05	-4.934255e-09	-4.810988e-09	-4.486562e+01	-5.558452e+02
1.101000e-05	-4.953809e-09	-4.816810e-09	-4.504342e+01	-5.565048e+02
1.102000e-05	-4.973246e-09	-4.819129e-09	-4.522015e+01	-5.571600e+02
1.103000e-05	-4.992572e-09	-4.821178e-09	-4.539588e+01	-5.578110e+02
1.104000e-05	-5.011793e-09	-4.824567e-09	-4.557065e+01	-5.584576e+02
1.105000e-05	-5.030904e-09	-4.828263e-09	-4.574442e+01	-5.590999e+02
1.106000e-05	-5.049892e-09	-4.831286e-09	-4.591707e+01	-5.597376e+02
1.107000e-05	-5.068736e-09	-4.835247e-09	-4.608841e+01	-5.603708e+02
1.108000e-05	-5.087436e-09	-4.842860e-09	-4.625844e+01	-5.609991e+02
1.109000e-05	-5.105996e-09	-4.852941e-09	-4.642721e+01	-5.616224e+02
1.110000e-05	-5.124418e-09	-4.861189e-09	-4.659471e+01	-5.622403e+02
1.111000e-05	-5.142700e-09	-4.865166e-09	-4.676095e+01	-5.628526e+02
1.112000e-05	-5.160845e-09	-4.867123e-09	-4.692593e+01	-5.634590e+02
1.113000e-05	-5.178851e-09	-4.867896e-09	-4.708966e+01	-5.640590e+02
1.114000e-05	-5.196723e-09	-4.867776e-09	-4.725217e+01	-5.646523e+02
1.115000e-05	-5.214475e-09	-4.868077e-09	-4.741358e+01	-5.652385e+02
1.116000e-05	-5.232115e-09	-4.869658e-09	-4.757397e+01	-5.658172e+02
1.117000e-05	-5.249638e-09	-4.874869e-09	-4.773331e+01	-5.663879e+02
1.118000e-05	-5.267033e-09	-4.883292e-09	-4.789147e+01	-5.669503e+02
1.119000e-05	-5.284286e-09	-4.891135e-09	-4.804834e+01	-5.675040e+02
1.120000e-05	-5.301389e-09	-4.895840e-09	-4.820386e+01	-5.680485e+02
1.121000e-05	-5.318344e-09	-4.897947e-09	-4.835802e+01	-5.685836e+02
1.122000e-05	-5.335156e-09	-4.899262e-09	-4.851089e+01	-5.691087e+02
1.123000e-05	-5.351827e-09	-4.900654e-09	-4.866248e+01	-5.696238e+02
1.124000e-05	-5.368365e-09	-4.900771e-09	-4.881285e+01	-5.701283e+02
1.125000e-05	-5.384774e-09	-4.900319e-09	-4.896205e+01	-5.706222e+02
1.126000e-05	-5.401056e-09	-4.904214e-09	-4.911010e+01	-5.711051e+02
1.127000e-05	-5.417210e-09	-4.912145e-09	-4.925699e+01	-5.715771e+02
1.128000e-05	-5.433245e-09	-4.919382e-09	-4.940279e+01	-5.720378e+02
1.129000e-05	-5.449163e-09	-4.923418e-09	-4.954752e+01	-5.724874e+02
1.130000e-05	-5.464947e-09	-4.925439e-09	-4.969104e+01	-5.729258e+02
1.131000e-05	-5.480579e-09	-4.926338e-09	-4.983318e+01	-5.733531e+02
1.132000e-05	-5.496039e-09	-4.926181e-09	-4.997375e+01	-5.737693e+02
1.133000e-05	-5.511321e-09	-4.925302e-09	-5.011271e+01	-5.741747e+02
1.134000e-05	-5.526432e-09	-4.925196e-09	-5.025011e+01	-5.745695e+02
1.135000e-05	-5.541383e-09	-4.927845e-09	-5.038605e+01	-5.749540e+02
1.136000e-05	-5.556180e-09	-4.932394e-09	-5.052059e+01	-5.753284e+02
1.137000e-05	-5.570830e-09	-4.938174e-09	-5.065380e+01	-5.756933e+02
1.138000e-05	-5.585348e-09	-4.942779e-09	-5.078581e+01	-5.760490e+02
1.139000e-05	-5.599736e-09	-4.945554e-09	-5.091664e+01	-5.763959e+02
1.140000e-05	-5.613996e-09	-4.948898e-09	-5.104630e+01	-5.767346e+02
1.141000e-05	-5.628118e-09	-4.951548e-09	-5.117471e+01	-5.770657e+02
1.142000e-05	-5.642084e-09	-4.952029e-09	-5.130169e+01	-5.773896e+02
1.143000e-05	-5.655884e-09	-4.950128e-09	-5.142718e+01	-5.777070e+02
1.144000e-05	-5.669525e-09	-4.948600e-09	-5.155121e+01	-5.780184e+02
1.145000e-05	-5.683015e-09	-4.949544e-09	-5.167387e+01	-5.783245e+02
1.146000e-05	-5.696357e-09	-4.953728e-09	-5.179518e+01	-5.786259e+02
1.147000e-05	-5.709562e-09	-4.959976e-09	-5.191526e+01	-5.789231e+02
1.148000e-05	-5.722635e-09	-4.964597e-09	-5.203412e+01	-5.792167e+02
1.149000e-05	-5.735571e-09	-4.968144e-09	-5.215174e+01	-5.795074e+02
1.150000e-05	-5.748377e-09	-4.969370e-09	-5.226819e+01	-5.797956e+02
1.151000e-05	-5.761055e-09	-4.966288e-09	-5.238347e+01	-5.800820e+02
1.152000e-05	-5.773588e-09	-4.959819e-09	-5.249743e+01	-5.803669e+02
1.153000e-05	-5.785957e-09	-4.954931e-09	-5.260989e+01	-5.806508e+02
1.154000e-05	-5.798155e-09	-4.956566e-09	-5.272081e+01	-5.809342e+02
1.155000e-05	-5.810195e-09	-4.964208e-09	-5.283028e+01	-5.812174e+02
1.156000e-05	-5.822087e-09	-4.972011e-09	-5.293841e+01	-5.815006e+02
1.157000e-05	-5.833838e-09	-4.976501e-09	-5.304526e+01	-5.817842e+02
1.158000e-05	-5.845451e-09	-4.979892e-09	-5.315086e+01	-5.820684e+02
1.159000e-05	-5.856923e-09	-4.980784e-09	-5.325517e+01	-5.823533e+02
1.160000e-05	-5.868250e-09	-4.977906e-09	-5.335816e+01	-5.826389e+02
1.161000e-05	-5.879436e-09	-4.973979e-09	-5.345987e+01	-5.829255e+02
1.162000e-05	-5.890487e-09	-4.972071e-09	-5.356035e+01	-5.832128e+02
1.163000e-05	-5.901384e-09	-4.976133e-09	-5.365944e+01	-5.835009e+02
1.164000e-05	-5.912097e-09	-4.983752e-09	-5.375685e+01	-5.837896e+02
1.165000e-05	-5.922621e-09	-4.991057e-09	-5.385254e+01	-5.840787e+02
1.166000e-05	-5.932966e-09	-4.995485e-09	-5.394660e+01	-5.843682e+02
1.167000e-05	-5.943137e-09	-4.997068e-09	-5.403909e+01	-5.846576e+02
1.168000e-05	-5.953147e-09	-4.998302e-09	-5.413010e+01	-5.849467e+02
1.169000e-05	-5.962995e-09	-4.996053e-09	-5.421965e+01	-5.852352e+02
1.170000e-05	-5.972664e-09	-4.990993e-09	-5.430756e+01	-5.855227e+02
1.171000e-05	-5.982140e-09	-4.986020e-09	-5.439373e+01	-5.858090e+02
1.172000e-05	-5.991440e-09	-4.985212e-09	-5.447829e+01	-5.860935e+02
1.173000e-05	-6.000582e-09	-4.989814e-09	-5.456142e+01	-5.863759e+02
1.174000e-05	-6.009578e-09	-4.996295e-09	-5.464321e+01	-5.866558e+02
1.175000e-05	-6.018436e-09	-5.002400e-09	-5.472375e+01	-5.869329e+02
1.176000e-05	-6.027168e-09	-5.006162e-09	-5.480315e+01	-5.872067e+02
1.177000e-05	-6.035779e-09	-5.007849e-09	-5.488145e+01	-5.874768e+02
1.178000e-05	-6.044261e-09	-5.005152e-09	-5.495858e+01	-5.877431e+02
1.179000e-05	-6.052605e-09	-4.998508e-09	-5.503444e+01	-5.880050e+02
1.180000e-05	-6.060805e-09	-4.993781e-09	-5.510901e+01	-5.882624e+02
1.181000e-05	-6.068861e-09	-4.995356e-09	-5.518226e+01	-5.885149e+02
1.182000e-05	-6.076785e-09	-5.003023e-09	-5.525431e+01	-5.887624e+02
1.183000e-05	-6.084575e-09	-5.010913e-09	-5.532514e+01	-5.890046e+02
1.184000e-05	-6.092204e-09	-5.016199e-09	-5.539451e+01	-5.892416e+02
1.185000e-05	-6.099639e-09	-5.017299e-09	-5.546212e+01	-5.894730e+02
1.186000e-05	-6.106882e-09	-5.013884e-09	-5.552797e+01	-5.896990e+02
1.187000e-05	-6.113963e-09	-5.007413e-09	-5.559235e+01	-5.899195e+02
1.188000e-05	-6.120905e-09	-5.000890e-09	-5.565548e+01	-5.901345e+02
1.189000e-05	-6.127706e-09	-4.999543e-09	-5.571732e+01	-5.903442e+02
1.190000e-05	-6.134358e-09	-5.004802e-09	-5.577780e+01	-5.905487e+02
1.191000e-05	-6.140859e-09	-5.014714e-09	-5.583691e+01	-5.907481e+02
1.192000e-05	-6.147217e-09	-5.022639e-09	-5.589473e+01	-5.909428e+02
1.193000e-05	-6.153439e-09	-5.024486e-09	-5.595130e+01	-5.911329e+02
1.194000e-05	-6.159509e-09	-5.021351e-09	-5.600650e+01	-5.913188e+02
1.195000e-05	-6.165391e-09	-5.015408e-09	-5.605997e+01	-5.915007e+02
1.196000e-05	-6.171065e-09	-5.010461e-09	-5.611157e+01	-5.916791e+02
1.197000e-05	-6.176565e-09	-5.008552e-09	-5.616158e+01	-5.918542e+02
1.198000e-05	-6.181925e-09	-5.010674e-09	-5.621032e+01	-5.920265e+02
1.199000e-05	-6.187145e-09	-5.016617e-09	-5.625778e+01	-5.921962e+02
1.200000e-05	-6.192213e-09	-5.023529e-09	-5.630386e+01	-5.923639e+02
1.201000e-05	-6.197118e-09	-5.027477e-09	-5.634847e+01	-5.925298e+02
1.202000e-05	-6.201878e-09	-5.027047e-09	-5.639174e+01	-5.926944e+02
1.203000e-05	-6.206514e-09	-5.023754e-09	-5.643390e+01	-5.928580e+02
1.204000e-05	-6.211008e-09	-5.020272e-09	-5.647476e+01	-5.930209e+02
1.205000e-05	-6.215314e-09	-5.018189e-09	-5.651392e+01	-5.931834e+02
1.206000e-05	-6.219412e-09	-5.017439e-09	-5.655117e+01	-5.933459e+02
1.207000e-05	-6.223331e-09	-5.018537e-09	-5.658681e+01	-5.935084e+02
1.208000e-05	-6.227113e-09	-5.021883e-09	-5.662120e+01	-5.936713e+02
1.209000e-05	-6.230760e-09	-5.026362e-09	-5.665436e+01	-5.938347e+02
1.210000e-05	-6.234260e-09	-5.028254e-09	-5.668619e+01	-5.939986e+02
1.211000e-05	-6.237609e-09	-5.027286e-09	-5.671664e+01	-5.941632e+02
1.212000e-05	-6.240808e-09	-5.025481e-09	-5.674573e+01	-5.943284e+02
1.213000e-05	-6.243872e-09	-5.024838e-09	-5.677359e+01	-5.944941e+02
1.214000e-05	-6.246794e-09	-5.026014e-09	-5.680015e+01	-5.946604e+02
1.215000e-05	-6.249518e-09	-5.025724e-09	-5.682492e+01	-5.948269e+02
1.216000e-05	-6.252009e-09	-5.024259e-09	-5.684757e+01	-5.949936e+02
1.217000e-05	-6.254301e-09	-5.023179e-09	-5.686842e+01	-5.951601e+02
1.218000e-05	-6.256423e-09	-5.023130e-09	-5.688771e+01	-5.953261e+02
1.219000e-05	-6.258386e-09	-5.023021e-09	-5.690556e+01	-5.954912e+02
1.220000e-05	-6.260198e-09	-5.023765e-09	-5.692204e+01	-5.956551e+02
1.221000e-05	-6.261857e-09	-5.027644e-09	-5.693712e+01	-5.958173e+02
1.222000e-05	-6.263377e-09	-5.033105e-09	-5.695094e+01	-5.959774e+02
1.223000e-05	-6.264772e-09	-5.037408e-09	-5.696363e+01	-5.961347e+02
1.224000e-05	-6.266015e-09	-5.036466e-09	-5.697493e+01	-5.962888e+02
1.225000e-05	-6.267054e-09	-5.032755e-09	-5.698437e+01	-5.964391e+02
1.226000e-05	-6.267882e-09	-5.032209e-09	-5.699191e+01	-5.965850e+02
1.227000e-05	-6.268551e-09	-5.034661e-09	-5.699799e+01	-5.967260e+02
1.228000e-05	-6.269089e-09	-5.036877e-09	-5.700288e+01	-5.968614e+02
1.229000e-05	-6.269489e-09	-5.036690e-09	-5.700652e+01	-5.969908e+02
1.230000e-05	-6.269741e-09	-5.035990e-09	-5.700881e+01	-5.971134e+02
