# Temperatura_=_20.0
# Concentracion g/m^3_=_13500.0
# C_Vs_to_Am_M_A/Vsm_=_116720831517.84952
# pendiente_HvsI_1/m_=_3716.3
# ordenada_HvsI_A/m_=_1297.0
# frecuencia_Hz_=_81345.34948508866
# Promedio de 24 ciclos

Tiempo_(s)	Campo_(V.s)	Magnetizacion_(V.s)	Campo_(kA/m)	Magnetizacion_(A/m)
0.000000e+00	-6.328721e-09	-5.344818e-09	-5.699832e+01	-6.305517e+02
1.000000e-08	-6.328756e-09	-5.339530e-09	-5.699863e+01	-6.304881e+02
2.000000e-08	-6.328651e-09	-5.335884e-09	-5.699768e+01	-6.304133e+02
3.000000e-08	-6.328430e-09	-5.335780e-09	-5.699569e+01	-6.303273e+02
4.000000e-08	-6.328041e-09	-5.335816e-09	-5.699219e+01	-6.302301e+02
5.000000e-08	-6.327447e-09	-5.335061e-09	-5.698684e+01	-6.301217e+02
6.000000e-08	-6.326664e-09	-5.333939e-09	-5.697978e+01	-6.300023e+02
7.000000e-08	-6.325719e-09	-5.338337e-09	-5.697128e+01	-6.298718e+02
8.000000e-08	-6.324608e-09	-5.357887e-09	-5.696127e+01	-6.297306e+02
9.000000e-08	-6.323279e-09	-5.394107e-09	-5.694930e+01	-6.295787e+02
1.000000e-07	-6.321691e-09	-5.342683e-09	-5.693500e+01	-6.294165e+02
1.100000e-07	-6.319923e-09	-5.282004e-09	-5.691908e+01	-6.292442e+02
1.200000e-07	-6.318122e-09	-5.354468e-09	-5.690286e+01	-6.290621e+02
1.300000e-07	-6.316322e-09	-5.379271e-09	-5.688664e+01	-6.288707e+02
1.400000e-07	-6.314387e-09	-5.338287e-09	-5.686921e+01	-6.286702e+02
1.500000e-07	-6.312191e-09	-5.364998e-09	-5.684944e+01	-6.284613e+02
1.600000e-07	-6.309757e-09	-5.439510e-09	-5.682752e+01	-6.282442e+02
1.700000e-07	-6.307133e-09	-5.452369e-09	-5.680388e+01	-6.280195e+02
1.800000e-07	-6.304291e-09	-5.405811e-09	-5.677829e+01	-6.277878e+02
1.900000e-07	-6.301212e-09	-5.411711e-09	-5.675056e+01	-6.275496e+02
2.000000e-07	-6.297942e-09	-5.426414e-09	-5.672111e+01	-6.273055e+02
2.100000e-07	-6.294517e-09	-5.414928e-09	-5.669027e+01	-6.270560e+02
2.200000e-07	-6.290959e-09	-5.400530e-09	-5.665821e+01	-6.268018e+02
2.300000e-07	-6.287243e-09	-5.393195e-09	-5.662476e+01	-6.265435e+02
2.400000e-07	-6.283335e-09	-5.423872e-09	-5.658956e+01	-6.262817e+02
2.500000e-07	-6.279268e-09	-5.432033e-09	-5.655293e+01	-6.260171e+02
2.600000e-07	-6.275080e-09	-5.409846e-09	-5.651521e+01	-6.257502e+02
2.700000e-07	-6.270763e-09	-5.405925e-09	-5.647633e+01	-6.254817e+02
2.800000e-07	-6.266286e-09	-5.416802e-09	-5.643601e+01	-6.252122e+02
2.900000e-07	-6.261653e-09	-5.421671e-09	-5.639428e+01	-6.249423e+02
3.000000e-07	-6.256883e-09	-5.426434e-09	-5.635132e+01	-6.246725e+02
3.100000e-07	-6.251980e-09	-5.436888e-09	-5.630716e+01	-6.244034e+02
3.200000e-07	-6.246900e-09	-5.422700e-09	-5.626141e+01	-6.241355e+02
3.300000e-07	-6.241591e-09	-5.416544e-09	-5.621359e+01	-6.238692e+02
3.400000e-07	-6.236084e-09	-5.424398e-09	-5.616400e+01	-6.236051e+02
3.500000e-07	-6.230434e-09	-5.416298e-09	-5.611311e+01	-6.233436e+02
3.600000e-07	-6.224657e-09	-5.396296e-09	-5.606108e+01	-6.230849e+02
3.700000e-07	-6.218737e-09	-5.400483e-09	-5.600777e+01	-6.228295e+02
3.800000e-07	-6.212665e-09	-5.422718e-09	-5.595307e+01	-6.225775e+02
3.900000e-07	-6.206430e-09	-5.420172e-09	-5.589692e+01	-6.223293e+02
4.000000e-07	-6.200026e-09	-5.412832e-09	-5.583924e+01	-6.220849e+02
4.100000e-07	-6.193469e-09	-5.409041e-09	-5.578019e+01	-6.218445e+02
4.200000e-07	-6.186761e-09	-5.403081e-09	-5.571978e+01	-6.216081e+02
4.300000e-07	-6.179886e-09	-5.396886e-09	-5.565786e+01	-6.213757e+02
4.400000e-07	-6.172828e-09	-5.390431e-09	-5.559429e+01	-6.211473e+02
4.500000e-07	-6.165598e-09	-5.386036e-09	-5.552918e+01	-6.209227e+02
4.600000e-07	-6.158208e-09	-5.391490e-09	-5.546262e+01	-6.207018e+02
4.700000e-07	-6.150657e-09	-5.409469e-09	-5.539462e+01	-6.204842e+02
4.800000e-07	-6.142949e-09	-5.409881e-09	-5.532520e+01	-6.202697e+02
4.900000e-07	-6.135082e-09	-5.396694e-09	-5.525434e+01	-6.200579e+02
5.000000e-07	-6.127071e-09	-5.384207e-09	-5.518219e+01	-6.198484e+02
5.100000e-07	-6.118930e-09	-5.376870e-09	-5.510887e+01	-6.196408e+02
5.200000e-07	-6.110646e-09	-5.374666e-09	-5.503427e+01	-6.194345e+02
5.300000e-07	-6.102173e-09	-5.369705e-09	-5.495796e+01	-6.192289e+02
5.400000e-07	-6.093483e-09	-5.366133e-09	-5.487969e+01	-6.190235e+02
5.500000e-07	-6.084597e-09	-5.365473e-09	-5.479966e+01	-6.188176e+02
5.600000e-07	-6.075557e-09	-5.369662e-09	-5.471824e+01	-6.186106e+02
5.700000e-07	-6.066381e-09	-5.365466e-09	-5.463560e+01	-6.184016e+02
5.800000e-07	-6.057051e-09	-5.355648e-09	-5.455157e+01	-6.181900e+02
5.900000e-07	-6.047566e-09	-5.349763e-09	-5.446615e+01	-6.179750e+02
6.000000e-07	-6.037932e-09	-5.348171e-09	-5.437938e+01	-6.177559e+02
6.100000e-07	-6.028138e-09	-5.349227e-09	-5.429117e+01	-6.175318e+02
6.200000e-07	-6.018160e-09	-5.343856e-09	-5.420131e+01	-6.173019e+02
6.300000e-07	-6.007971e-09	-5.335617e-09	-5.410954e+01	-6.170655e+02
6.400000e-07	-5.997573e-09	-5.326731e-09	-5.401590e+01	-6.168217e+02
6.500000e-07	-5.986984e-09	-5.320096e-09	-5.392053e+01	-6.165698e+02
6.600000e-07	-5.976227e-09	-5.312477e-09	-5.382364e+01	-6.163090e+02
6.700000e-07	-5.965312e-09	-5.304951e-09	-5.372534e+01	-6.160385e+02
6.800000e-07	-5.954253e-09	-5.301814e-09	-5.362574e+01	-6.157576e+02
6.900000e-07	-5.943055e-09	-5.300287e-09	-5.352489e+01	-6.154657e+02
7.000000e-07	-5.931712e-09	-5.299214e-09	-5.342273e+01	-6.151620e+02
7.100000e-07	-5.920213e-09	-5.293495e-09	-5.331917e+01	-6.148459e+02
7.200000e-07	-5.908541e-09	-5.286375e-09	-5.321405e+01	-6.145168e+02
7.300000e-07	-5.896691e-09	-5.279696e-09	-5.310732e+01	-6.141743e+02
7.400000e-07	-5.884675e-09	-5.275744e-09	-5.299910e+01	-6.138178e+02
7.500000e-07	-5.872513e-09	-5.274358e-09	-5.288957e+01	-6.134469e+02
7.600000e-07	-5.860216e-09	-5.272156e-09	-5.277881e+01	-6.130613e+02
7.700000e-07	-5.847786e-09	-5.271274e-09	-5.266686e+01	-6.126606e+02
7.800000e-07	-5.835209e-09	-5.268827e-09	-5.255359e+01	-6.122446e+02
7.900000e-07	-5.822485e-09	-5.264631e-09	-5.243900e+01	-6.118131e+02
8.000000e-07	-5.809622e-09	-5.256865e-09	-5.232315e+01	-6.113661e+02
8.100000e-07	-5.796605e-09	-5.248148e-09	-5.220592e+01	-6.109033e+02
8.200000e-07	-5.783425e-09	-5.242946e-09	-5.208721e+01	-6.104249e+02
8.300000e-07	-5.770070e-09	-5.240327e-09	-5.196694e+01	-6.099310e+02
8.400000e-07	-5.756548e-09	-5.238395e-09	-5.184515e+01	-6.094217e+02
8.500000e-07	-5.742879e-09	-5.233582e-09	-5.172204e+01	-6.088971e+02
8.600000e-07	-5.729078e-09	-5.227264e-09	-5.159775e+01	-6.083577e+02
8.700000e-07	-5.715147e-09	-5.220666e-09	-5.147228e+01	-6.078037e+02
8.800000e-07	-5.701079e-09	-5.215887e-09	-5.134558e+01	-6.072354e+02
8.900000e-07	-5.686873e-09	-5.212250e-09	-5.121764e+01	-6.066535e+02
9.000000e-07	-5.672529e-09	-5.209149e-09	-5.108845e+01	-6.060582e+02
9.100000e-07	-5.658041e-09	-5.208779e-09	-5.095796e+01	-6.054503e+02
9.200000e-07	-5.643398e-09	-5.208751e-09	-5.082609e+01	-6.048303e+02
9.300000e-07	-5.628597e-09	-5.206098e-09	-5.069278e+01	-6.041988e+02
9.400000e-07	-5.613625e-09	-5.200520e-09	-5.055794e+01	-6.035564e+02
9.500000e-07	-5.598464e-09	-5.194016e-09	-5.042140e+01	-6.029040e+02
9.600000e-07	-5.583129e-09	-5.185634e-09	-5.028329e+01	-6.022421e+02
9.700000e-07	-5.567636e-09	-5.177025e-09	-5.014375e+01	-6.015716e+02
9.800000e-07	-5.551988e-09	-5.173054e-09	-5.000282e+01	-6.008931e+02
9.900000e-07	-5.536183e-09	-5.172719e-09	-4.986048e+01	-6.002074e+02
1.000000e-06	-5.520216e-09	-5.171872e-09	-4.971667e+01	-5.995153e+02
1.010000e-06	-5.504087e-09	-5.167162e-09	-4.957141e+01	-5.988175e+02
1.020000e-06	-5.487800e-09	-5.159147e-09	-4.942472e+01	-5.981148e+02
1.030000e-06	-5.471365e-09	-5.151382e-09	-4.927671e+01	-5.974078e+02
1.040000e-06	-5.454793e-09	-5.145353e-09	-4.912746e+01	-5.966973e+02
1.050000e-06	-5.438098e-09	-5.139720e-09	-4.897709e+01	-5.959840e+02
1.060000e-06	-5.421273e-09	-5.133399e-09	-4.882556e+01	-5.952685e+02
1.070000e-06	-5.404321e-09	-5.125758e-09	-4.867289e+01	-5.945513e+02
1.080000e-06	-5.387248e-09	-5.118976e-09	-4.851912e+01	-5.938331e+02
1.090000e-06	-5.370054e-09	-5.113985e-09	-4.836427e+01	-5.931144e+02
1.100000e-06	-5.352738e-09	-5.107897e-09	-4.820831e+01	-5.923955e+02
1.110000e-06	-5.335293e-09	-5.099449e-09	-4.805120e+01	-5.916770e+02
1.120000e-06	-5.317727e-09	-5.090124e-09	-4.789300e+01	-5.909592e+02
1.130000e-06	-5.300032e-09	-5.083379e-09	-4.773363e+01	-5.902424e+02
1.140000e-06	-5.282198e-09	-5.077103e-09	-4.757301e+01	-5.895267e+02
1.150000e-06	-5.264225e-09	-5.066976e-09	-4.741114e+01	-5.888124e+02
1.160000e-06	-5.246110e-09	-5.055137e-09	-4.724799e+01	-5.880996e+02
1.170000e-06	-5.227852e-09	-5.046402e-09	-4.708356e+01	-5.873882e+02
1.180000e-06	-5.209449e-09	-5.041846e-09	-4.691781e+01	-5.866782e+02
1.190000e-06	-5.190893e-09	-5.037442e-09	-4.675069e+01	-5.859695e+02
1.200000e-06	-5.172198e-09	-5.030814e-09	-4.658232e+01	-5.852620e+02
1.210000e-06	-5.153382e-09	-5.023709e-09	-4.641286e+01	-5.845554e+02
1.220000e-06	-5.134443e-09	-5.017312e-09	-4.624228e+01	-5.838493e+02
1.230000e-06	-5.115378e-09	-5.010445e-09	-4.607058e+01	-5.831435e+02
1.240000e-06	-5.096184e-09	-5.002945e-09	-4.589771e+01	-5.824375e+02
1.250000e-06	-5.076860e-09	-4.995275e-09	-4.572368e+01	-5.817308e+02
1.260000e-06	-5.057402e-09	-4.986427e-09	-4.554843e+01	-5.810228e+02
1.270000e-06	-5.037802e-09	-4.977597e-09	-4.537191e+01	-5.803130e+02
1.280000e-06	-5.018065e-09	-4.969762e-09	-4.519415e+01	-5.796008e+02
1.290000e-06	-4.998192e-09	-4.961651e-09	-4.501517e+01	-5.788854e+02
1.300000e-06	-4.978186e-09	-4.955167e-09	-4.483498e+01	-5.781662e+02
1.310000e-06	-4.958049e-09	-4.951341e-09	-4.465363e+01	-5.774424e+02
1.320000e-06	-4.937784e-09	-4.946268e-09	-4.447112e+01	-5.767133e+02
1.330000e-06	-4.917393e-09	-4.937673e-09	-4.428747e+01	-5.759781e+02
1.340000e-06	-4.896883e-09	-4.926318e-09	-4.410275e+01	-5.752361e+02
1.350000e-06	-4.876255e-09	-4.914099e-09	-4.391697e+01	-5.744863e+02
1.360000e-06	-4.855500e-09	-4.902866e-09	-4.373004e+01	-5.737280e+02
1.370000e-06	-4.834618e-09	-4.893127e-09	-4.354197e+01	-5.729604e+02
1.380000e-06	-4.813610e-09	-4.886158e-09	-4.335277e+01	-5.721828e+02
1.390000e-06	-4.792472e-09	-4.883942e-09	-4.316240e+01	-5.713944e+02
1.400000e-06	-4.771207e-09	-4.884706e-09	-4.297087e+01	-5.705944e+02
1.410000e-06	-4.749820e-09	-4.882215e-09	-4.277826e+01	-5.697821e+02
1.420000e-06	-4.728312e-09	-4.872631e-09	-4.258455e+01	-5.689569e+02
1.430000e-06	-4.706673e-09	-4.858186e-09	-4.238966e+01	-5.681180e+02
1.440000e-06	-4.684907e-09	-4.842892e-09	-4.219363e+01	-5.672650e+02
1.450000e-06	-4.663022e-09	-4.829513e-09	-4.199653e+01	-5.663972e+02
1.460000e-06	-4.641024e-09	-4.819446e-09	-4.179841e+01	-5.655142e+02
1.470000e-06	-4.618915e-09	-4.813981e-09	-4.159929e+01	-5.646155e+02
1.480000e-06	-4.596695e-09	-4.813164e-09	-4.139917e+01	-5.637008e+02
1.490000e-06	-4.574360e-09	-4.812959e-09	-4.119801e+01	-5.627697e+02
1.500000e-06	-4.551903e-09	-4.810282e-09	-4.099576e+01	-5.618219e+02
1.510000e-06	-4.529322e-09	-4.805360e-09	-4.079239e+01	-5.608574e+02
1.520000e-06	-4.506612e-09	-4.796882e-09	-4.058786e+01	-5.598758e+02
1.530000e-06	-4.483777e-09	-4.784954e-09	-4.038220e+01	-5.588772e+02
1.540000e-06	-4.460821e-09	-4.771694e-09	-4.017545e+01	-5.578616e+02
1.550000e-06	-4.437740e-09	-4.760271e-09	-3.996757e+01	-5.568291e+02
1.560000e-06	-4.414531e-09	-4.748968e-09	-3.975855e+01	-5.557797e+02
1.570000e-06	-4.391194e-09	-4.736382e-09	-3.954836e+01	-5.547137e+02
1.580000e-06	-4.367729e-09	-4.727389e-09	-3.933704e+01	-5.536314e+02
1.590000e-06	-4.344142e-09	-4.721753e-09	-3.912460e+01	-5.525329e+02
1.600000e-06	-4.320447e-09	-4.718759e-09	-3.891119e+01	-5.514188e+02
1.610000e-06	-4.296646e-09	-4.716326e-09	-3.869684e+01	-5.502894e+02
1.620000e-06	-4.272733e-09	-4.710672e-09	-3.848147e+01	-5.491451e+02
1.630000e-06	-4.248708e-09	-4.700444e-09	-3.826510e+01	-5.479865e+02
1.640000e-06	-4.224571e-09	-4.683817e-09	-3.804771e+01	-5.468141e+02
1.650000e-06	-4.200321e-09	-4.662586e-09	-3.782930e+01	-5.456284e+02
1.660000e-06	-4.175955e-09	-4.643987e-09	-3.760986e+01	-5.444301e+02
1.670000e-06	-4.151485e-09	-4.634220e-09	-3.738947e+01	-5.432197e+02
1.680000e-06	-4.126910e-09	-4.631395e-09	-3.716814e+01	-5.419979e+02
1.690000e-06	-4.102227e-09	-4.632980e-09	-3.694585e+01	-5.407652e+02
1.700000e-06	-4.077438e-09	-4.634001e-09	-3.672259e+01	-5.395223e+02
1.710000e-06	-4.052538e-09	-4.627470e-09	-3.649833e+01	-5.382698e+02
1.720000e-06	-4.027528e-09	-4.612106e-09	-3.627308e+01	-5.370082e+02
1.730000e-06	-4.002408e-09	-4.587645e-09	-3.604685e+01	-5.357382e+02
1.740000e-06	-3.977187e-09	-4.560309e-09	-3.581970e+01	-5.344602e+02
1.750000e-06	-3.951874e-09	-4.539509e-09	-3.559172e+01	-5.331748e+02
1.760000e-06	-3.926472e-09	-4.529229e-09	-3.536294e+01	-5.318825e+02
1.770000e-06	-3.900972e-09	-4.525015e-09	-3.513328e+01	-5.305835e+02
1.780000e-06	-3.875362e-09	-4.521203e-09	-3.490263e+01	-5.292783e+02
1.790000e-06	-3.849648e-09	-4.515140e-09	-3.467104e+01	-5.279673e+02
1.800000e-06	-3.823835e-09	-4.502970e-09	-3.443856e+01	-5.266505e+02
1.810000e-06	-3.797927e-09	-4.486393e-09	-3.420522e+01	-5.253282e+02
1.820000e-06	-3.771928e-09	-4.469975e-09	-3.397107e+01	-5.240005e+02
1.830000e-06	-3.745835e-09	-4.455712e-09	-3.373607e+01	-5.226674e+02
1.840000e-06	-3.719645e-09	-4.441581e-09	-3.350020e+01	-5.213288e+02
1.850000e-06	-3.693358e-09	-4.427897e-09	-3.326345e+01	-5.199847e+02
1.860000e-06	-3.666970e-09	-4.417043e-09	-3.302579e+01	-5.186346e+02
1.870000e-06	-3.640480e-09	-4.405631e-09	-3.278721e+01	-5.172784e+02
1.880000e-06	-3.613891e-09	-4.392554e-09	-3.254775e+01	-5.159157e+02
1.890000e-06	-3.587202e-09	-4.381026e-09	-3.230737e+01	-5.145460e+02
1.900000e-06	-3.560419e-09	-4.371865e-09	-3.206616e+01	-5.131687e+02
1.910000e-06	-3.533551e-09	-4.361157e-09	-3.182418e+01	-5.117831e+02
1.920000e-06	-3.506604e-09	-4.345502e-09	-3.158148e+01	-5.103886e+02
1.930000e-06	-3.479570e-09	-4.325419e-09	-3.133801e+01	-5.089844e+02
1.940000e-06	-3.452448e-09	-4.303717e-09	-3.109374e+01	-5.075696e+02
1.950000e-06	-3.425234e-09	-4.282419e-09	-3.084864e+01	-5.061433e+02
1.960000e-06	-3.397927e-09	-4.263718e-09	-3.060271e+01	-5.047044e+02
1.970000e-06	-3.370532e-09	-4.251925e-09	-3.035598e+01	-5.032520e+02
1.980000e-06	-3.343047e-09	-4.246731e-09	-3.010845e+01	-5.017848e+02
1.990000e-06	-3.315471e-09	-4.244109e-09	-2.986008e+01	-5.003018e+02
2.000000e-06	-3.287797e-09	-4.236867e-09	-2.961085e+01	-4.988017e+02
2.010000e-06	-3.260032e-09	-4.219437e-09	-2.936078e+01	-4.972833e+02
2.020000e-06	-3.232176e-09	-4.194644e-09	-2.910990e+01	-4.957454e+02
2.030000e-06	-3.204226e-09	-4.169694e-09	-2.885818e+01	-4.941867e+02
2.040000e-06	-3.176178e-09	-4.150754e-09	-2.860557e+01	-4.926059e+02
2.050000e-06	-3.148035e-09	-4.137564e-09	-2.835211e+01	-4.910017e+02
2.060000e-06	-3.119795e-09	-4.128522e-09	-2.809777e+01	-4.893729e+02
2.070000e-06	-3.091459e-09	-4.121414e-09	-2.784257e+01	-4.877182e+02
2.080000e-06	-3.063030e-09	-4.111688e-09	-2.758653e+01	-4.860364e+02
2.090000e-06	-3.034518e-09	-4.096529e-09	-2.732974e+01	-4.843262e+02
2.100000e-06	-3.005931e-09	-4.077636e-09	-2.707228e+01	-4.825865e+02
2.110000e-06	-2.977271e-09	-4.057997e-09	-2.681416e+01	-4.808162e+02
2.120000e-06	-2.948530e-09	-4.039462e-09	-2.655531e+01	-4.790142e+02
2.130000e-06	-2.919705e-09	-4.023406e-09	-2.629570e+01	-4.771795e+02
2.140000e-06	-2.890803e-09	-4.010540e-09	-2.603541e+01	-4.753112e+02
2.150000e-06	-2.861824e-09	-3.999506e-09	-2.577441e+01	-4.734083e+02
2.160000e-06	-2.832766e-09	-3.986168e-09	-2.551271e+01	-4.714702e+02
2.170000e-06	-2.803631e-09	-3.968898e-09	-2.525030e+01	-4.694961e+02
2.180000e-06	-2.774417e-09	-3.949288e-09	-2.498720e+01	-4.674854e+02
2.190000e-06	-2.745129e-09	-3.930842e-09	-2.472342e+01	-4.654375e+02
2.200000e-06	-2.715773e-09	-3.915509e-09	-2.445904e+01	-4.633521e+02
2.210000e-06	-2.686355e-09	-3.901277e-09	-2.419409e+01	-4.612287e+02
2.220000e-06	-2.656874e-09	-3.884443e-09	-2.392857e+01	-4.590672e+02
2.230000e-06	-2.627333e-09	-3.864237e-09	-2.366251e+01	-4.568673e+02
2.240000e-06	-2.597731e-09	-3.842740e-09	-2.339591e+01	-4.546291e+02
2.250000e-06	-2.568068e-09	-3.821276e-09	-2.312876e+01	-4.523526e+02
2.260000e-06	-2.538349e-09	-3.800415e-09	-2.286110e+01	-4.500378e+02
2.270000e-06	-2.508575e-09	-3.781613e-09	-2.259294e+01	-4.476850e+02
2.280000e-06	-2.478744e-09	-3.765506e-09	-2.232427e+01	-4.452946e+02
2.290000e-06	-2.448852e-09	-3.750383e-09	-2.205506e+01	-4.428668e+02
2.300000e-06	-2.418902e-09	-3.733095e-09	-2.178532e+01	-4.404021e+02
2.310000e-06	-2.388890e-09	-3.711986e-09	-2.151503e+01	-4.379010e+02
2.320000e-06	-2.358816e-09	-3.689099e-09	-2.124417e+01	-4.353641e+02
2.330000e-06	-2.328685e-09	-3.665961e-09	-2.097280e+01	-4.327920e+02
2.340000e-06	-2.298499e-09	-3.641642e-09	-2.070094e+01	-4.301853e+02
2.350000e-06	-2.268263e-09	-3.618467e-09	-2.042862e+01	-4.275448e+02
2.360000e-06	-2.237975e-09	-3.597498e-09	-2.015584e+01	-4.248710e+02
2.370000e-06	-2.207630e-09	-3.577394e-09	-1.988255e+01	-4.221648e+02
2.380000e-06	-2.177225e-09	-3.556533e-09	-1.960870e+01	-4.194269e+02
2.390000e-06	-2.146763e-09	-3.532027e-09	-1.933436e+01	-4.166578e+02
2.400000e-06	-2.116246e-09	-3.505334e-09	-1.905951e+01	-4.138583e+02
2.410000e-06	-2.085667e-09	-3.478598e-09	-1.878411e+01	-4.110291e+02
2.420000e-06	-2.055027e-09	-3.452286e-09	-1.850816e+01	-4.081705e+02
2.430000e-06	-2.024331e-09	-3.426852e-09	-1.823170e+01	-4.052833e+02
2.440000e-06	-1.993578e-09	-3.403540e-09	-1.795473e+01	-4.023677e+02
2.450000e-06	-1.962768e-09	-3.383226e-09	-1.767724e+01	-3.994242e+02
2.460000e-06	-1.931905e-09	-3.363140e-09	-1.739929e+01	-3.964530e+02
2.470000e-06	-1.900992e-09	-3.339255e-09	-1.712087e+01	-3.934542e+02
2.480000e-06	-1.870027e-09	-3.311212e-09	-1.684199e+01	-3.904277e+02
2.490000e-06	-1.839014e-09	-3.281915e-09	-1.656268e+01	-3.873736e+02
2.500000e-06	-1.807956e-09	-3.251470e-09	-1.628296e+01	-3.842914e+02
2.510000e-06	-1.776852e-09	-3.218916e-09	-1.600284e+01	-3.811809e+02
2.520000e-06	-1.745701e-09	-3.186806e-09	-1.572227e+01	-3.780413e+02
2.530000e-06	-1.714495e-09	-3.157769e-09	-1.544123e+01	-3.748719e+02
2.540000e-06	-1.683240e-09	-3.132299e-09	-1.515973e+01	-3.716718e+02
2.550000e-06	-1.651940e-09	-3.106301e-09	-1.487784e+01	-3.684398e+02
2.560000e-06	-1.620597e-09	-3.076928e-09	-1.459555e+01	-3.651748e+02
2.570000e-06	-1.589208e-09	-3.045039e-09	-1.431285e+01	-3.618750e+02
2.580000e-06	-1.557774e-09	-3.012349e-09	-1.402975e+01	-3.585390e+02
2.590000e-06	-1.526299e-09	-2.982187e-09	-1.374627e+01	-3.551647e+02
2.600000e-06	-1.494787e-09	-2.953886e-09	-1.346247e+01	-3.517501e+02
2.610000e-06	-1.463239e-09	-2.925807e-09	-1.317834e+01	-3.482929e+02
2.620000e-06	-1.431654e-09	-2.898457e-09	-1.289388e+01	-3.447906e+02
2.630000e-06	-1.400035e-09	-2.870738e-09	-1.260910e+01	-3.412407e+02
2.640000e-06	-1.368380e-09	-2.841504e-09	-1.232402e+01	-3.376402e+02
2.650000e-06	-1.336691e-09	-2.809222e-09	-1.203861e+01	-3.339862e+02
2.660000e-06	-1.304970e-09	-2.773170e-09	-1.175292e+01	-3.302755e+02
2.670000e-06	-1.273221e-09	-2.735793e-09	-1.146698e+01	-3.265048e+02
2.680000e-06	-1.241441e-09	-2.700461e-09	-1.118076e+01	-3.226705e+02
2.690000e-06	-1.209630e-09	-2.666567e-09	-1.089426e+01	-3.187692e+02
2.700000e-06	-1.177794e-09	-2.630228e-09	-1.060754e+01	-3.147970e+02
2.710000e-06	-1.145927e-09	-2.592636e-09	-1.032054e+01	-3.107502e+02
2.720000e-06	-1.114027e-09	-2.558604e-09	-1.003323e+01	-3.066249e+02
2.730000e-06	-1.082102e-09	-2.528366e-09	-9.745708e+00	-3.024170e+02
2.740000e-06	-1.050153e-09	-2.495652e-09	-9.457959e+00	-2.981225e+02
2.750000e-06	-1.018176e-09	-2.457281e-09	-9.169969e+00	-2.937374e+02
2.760000e-06	-9.861761e-10	-2.418674e-09	-8.881769e+00	-2.892575e+02
2.770000e-06	-9.541570e-10	-2.383837e-09	-8.593396e+00	-2.846788e+02
2.780000e-06	-9.221139e-10	-2.349936e-09	-8.304805e+00	-2.799973e+02
2.790000e-06	-8.900494e-10	-2.312301e-09	-8.016024e+00	-2.752089e+02
2.800000e-06	-8.579665e-10	-2.270326e-09	-7.727075e+00	-2.703097e+02
2.810000e-06	-8.258586e-10	-2.227608e-09	-7.437903e+00	-2.652959e+02
2.820000e-06	-7.937254e-10	-2.186349e-09	-7.148501e+00	-2.601637e+02
2.830000e-06	-7.615678e-10	-2.144542e-09	-6.858881e+00	-2.549095e+02
2.840000e-06	-7.293912e-10	-2.100961e-09	-6.569089e+00	-2.495300e+02
2.850000e-06	-6.971967e-10	-2.057115e-09	-6.279136e+00	-2.440218e+02
2.860000e-06	-6.649852e-10	-2.014006e-09	-5.989031e+00	-2.383820e+02
2.870000e-06	-6.327567e-10	-1.970234e-09	-5.698771e+00	-2.326077e+02
2.880000e-06	-6.005133e-10	-1.922971e-09	-5.408377e+00	-2.266963e+02
2.890000e-06	-5.682569e-10	-1.871981e-09	-5.117867e+00	-2.206456e+02
2.900000e-06	-5.359904e-10	-1.821058e-09	-4.827265e+00	-2.144536e+02
2.910000e-06	-5.037158e-10	-1.773406e-09	-4.536591e+00	-2.081184e+02
2.920000e-06	-4.714294e-10	-1.728269e-09	-4.245811e+00	-2.016388e+02
2.930000e-06	-4.391365e-10	-1.682503e-09	-3.954972e+00	-1.950138e+02
2.940000e-06	-4.068358e-10	-1.633479e-09	-3.664062e+00	-1.882425e+02
2.950000e-06	-3.745206e-10	-1.581030e-09	-3.373022e+00	-1.813246e+02
2.960000e-06	-3.421925e-10	-1.523673e-09	-3.081866e+00	-1.742603e+02
2.970000e-06	-3.098555e-10	-1.458635e-09	-2.790630e+00	-1.670500e+02
2.980000e-06	-2.775110e-10	-1.388486e-09	-2.499325e+00	-1.596944e+02
2.990000e-06	-2.451606e-10	-1.320518e-09	-2.207969e+00	-1.521949e+02
3.000000e-06	-2.128038e-10	-1.259733e-09	-1.916553e+00	-1.445530e+02
3.010000e-06	-1.804454e-10	-1.201851e-09	-1.625125e+00	-1.367709e+02
3.020000e-06	-1.480894e-10	-1.140997e-09	-1.333716e+00	-1.288511e+02
3.030000e-06	-1.157273e-10	-1.075757e-09	-1.042255e+00	-1.207964e+02
3.040000e-06	-8.336639e-11	-1.006044e-09	-7.508027e-01	-1.126102e+02
3.050000e-06	-5.101045e-11	-9.331069e-10	-4.593957e-01	-1.042962e+02
3.060000e-06	-1.865247e-11	-8.561772e-10	-1.679704e-01	-9.585854e+01
3.070000e-06	1.370886e-11	-7.760625e-10	1.234852e-01	-8.730175e+01
3.080000e-06	4.607246e-11	-6.955598e-10	4.149612e-01	-7.863078e+01
3.090000e-06	7.843430e-11	-6.190093e-10	7.064213e-01	-6.985092e+01
3.100000e-06	1.107919e-10	-5.464263e-10	9.978431e-01	-6.096785e+01
3.110000e-06	1.431469e-10	-4.707347e-10	1.289242e+00	-5.198758e+01
3.120000e-06	1.755029e-10	-3.905635e-10	1.580649e+00	-4.291649e+01
3.130000e-06	2.078574e-10	-3.101311e-10	1.872044e+00	-3.376124e+01
3.140000e-06	2.402065e-10	-2.297744e-10	2.163389e+00	-2.452882e+01
3.150000e-06	2.725492e-10	-1.415718e-10	2.454677e+00	-1.522646e+01
3.160000e-06	3.048817e-10	-4.399247e-11	2.745872e+00	-5.861688e+00
3.170000e-06	3.371996e-10	5.376261e-11	3.036937e+00	3.557766e+00
3.180000e-06	3.695060e-10	1.445151e-10	3.327898e+00	1.302395e+01
3.190000e-06	4.018022e-10	2.274170e-10	3.618766e+00	2.252875e+01
3.200000e-06	4.340829e-10	3.072539e-10	3.909496e+00	3.206386e+01
3.210000e-06	4.663525e-10	3.852628e-10	4.200125e+00	4.162088e+01
3.220000e-06	4.986125e-10	4.621309e-10	4.490668e+00	5.119129e+01
3.230000e-06	5.308599e-10	5.425305e-10	4.781097e+00	6.076650e+01
3.240000e-06	5.630974e-10	6.308928e-10	5.071438e+00	7.033789e+01
3.250000e-06	5.953233e-10	7.247252e-10	5.361673e+00	7.989680e+01
3.260000e-06	6.275351e-10	8.158386e-10	5.651782e+00	8.943459e+01
3.270000e-06	6.597362e-10	9.006351e-10	5.941794e+00	9.894269e+01
3.280000e-06	6.919221e-10	9.791516e-10	6.231670e+00	1.084126e+02
3.290000e-06	7.240860e-10	1.054665e-09	6.521348e+00	1.178358e+02
3.300000e-06	7.562266e-10	1.128856e-09	6.810815e+00	1.272041e+02
3.310000e-06	7.883494e-10	1.202136e-09	7.100122e+00	1.365092e+02
3.320000e-06	8.204545e-10	1.277274e-09	7.389270e+00	1.457434e+02
3.330000e-06	8.525403e-10	1.356846e-09	7.678244e+00	1.548987e+02
3.340000e-06	8.846011e-10	1.440592e-09	7.966993e+00	1.639677e+02
3.350000e-06	9.166318e-10	1.522215e-09	8.255471e+00	1.729431e+02
3.360000e-06	9.486396e-10	1.598736e-09	8.543742e+00	1.818178e+02
3.370000e-06	9.806233e-10	1.670911e-09	8.831797e+00	1.905853e+02
3.380000e-06	1.012582e-09	1.739096e-09	9.119630e+00	1.992390e+02
3.390000e-06	1.044517e-09	1.804181e-09	9.407245e+00	2.077730e+02
3.400000e-06	1.076424e-09	1.867031e-09	9.694610e+00	2.161815e+02
3.410000e-06	1.108303e-09	1.929927e-09	9.981722e+00	2.244592e+02
3.420000e-06	1.140157e-09	1.995784e-09	1.026860e+01	2.326012e+02
3.430000e-06	1.171982e-09	2.065804e-09	1.055523e+01	2.406029e+02
3.440000e-06	1.203775e-09	2.136654e-09	1.084157e+01	2.484600e+02
3.450000e-06	1.235535e-09	2.204642e-09	1.112761e+01	2.561690e+02
3.460000e-06	1.267267e-09	2.268753e-09	1.141339e+01	2.637263e+02
3.470000e-06	1.298972e-09	2.329724e-09	1.169894e+01	2.711291e+02
3.480000e-06	1.330644e-09	2.387435e-09	1.198419e+01	2.783749e+02
3.490000e-06	1.362280e-09	2.441985e-09	1.226911e+01	2.854615e+02
3.500000e-06	1.393881e-09	2.495971e-09	1.255372e+01	2.923873e+02
3.510000e-06	1.425453e-09	2.550246e-09	1.283807e+01	2.991511e+02
3.520000e-06	1.456993e-09	2.604651e-09	1.312213e+01	3.057521e+02
3.530000e-06	1.488498e-09	2.657940e-09	1.340586e+01	3.121897e+02
3.540000e-06	1.519959e-09	2.709354e-09	1.368922e+01	3.184639e+02
3.550000e-06	1.551373e-09	2.758603e-09	1.397214e+01	3.245751e+02
3.560000e-06	1.582742e-09	2.805592e-09	1.425465e+01	3.305240e+02
3.570000e-06	1.614067e-09	2.851087e-09	1.453678e+01	3.363117e+02
3.580000e-06	1.645345e-09	2.895302e-09	1.481847e+01	3.419397e+02
3.590000e-06	1.676575e-09	2.938169e-09	1.509975e+01	3.474096e+02
3.600000e-06	1.707759e-09	2.979079e-09	1.538059e+01	3.527236e+02
3.610000e-06	1.738891e-09	3.019335e-09	1.566098e+01	3.578842e+02
3.620000e-06	1.769972e-09	3.059772e-09	1.594091e+01	3.628938e+02
3.630000e-06	1.801010e-09	3.099600e-09	1.622045e+01	3.677556e+02
3.640000e-06	1.831999e-09	3.137657e-09	1.649954e+01	3.724726e+02
3.650000e-06	1.862936e-09	3.174390e-09	1.677816e+01	3.770483e+02
3.660000e-06	1.893825e-09	3.209751e-09	1.705637e+01	3.814863e+02
3.670000e-06	1.924663e-09	3.241298e-09	1.733410e+01	3.857904e+02
3.680000e-06	1.955447e-09	3.269605e-09	1.761135e+01	3.899645e+02
3.690000e-06	1.986175e-09	3.298255e-09	1.788809e+01	3.940126e+02
3.700000e-06	2.016844e-09	3.328971e-09	1.816431e+01	3.979391e+02
3.710000e-06	2.047459e-09	3.359808e-09	1.844003e+01	4.017482e+02
3.720000e-06	2.078012e-09	3.389575e-09	1.871520e+01	4.054442e+02
3.730000e-06	2.108505e-09	3.418325e-09	1.898983e+01	4.090317e+02
3.740000e-06	2.138940e-09	3.446058e-09	1.926394e+01	4.125150e+02
3.750000e-06	2.169316e-09	3.472459e-09	1.953751e+01	4.158986e+02
3.760000e-06	2.199632e-09	3.497703e-09	1.981055e+01	4.191870e+02
3.770000e-06	2.229893e-09	3.524625e-09	2.008308e+01	4.223846e+02
3.780000e-06	2.260099e-09	3.553118e-09	2.035513e+01	4.254958e+02
3.790000e-06	2.290248e-09	3.580058e-09	2.062666e+01	4.285250e+02
3.800000e-06	2.320345e-09	3.604151e-09	2.089772e+01	4.314763e+02
3.810000e-06	2.350387e-09	3.627196e-09	2.116829e+01	4.343541e+02
3.820000e-06	2.380367e-09	3.649961e-09	2.143830e+01	4.371622e+02
3.830000e-06	2.410287e-09	3.671289e-09	2.170777e+01	4.399048e+02
3.840000e-06	2.440147e-09	3.691477e-09	2.197669e+01	4.425855e+02
3.850000e-06	2.469948e-09	3.713332e-09	2.224509e+01	4.452081e+02
3.860000e-06	2.499687e-09	3.737957e-09	2.251293e+01	4.477760e+02
3.870000e-06	2.529369e-09	3.761835e-09	2.278025e+01	4.502927e+02
3.880000e-06	2.558993e-09	3.781538e-09	2.304705e+01	4.527613e+02
3.890000e-06	2.588550e-09	3.798290e-09	2.331326e+01	4.551849e+02
3.900000e-06	2.618046e-09	3.817050e-09	2.357891e+01	4.575664e+02
3.910000e-06	2.647479e-09	3.838665e-09	2.384399e+01	4.599083e+02
3.920000e-06	2.676846e-09	3.860228e-09	2.410847e+01	4.622132e+02
3.930000e-06	2.706145e-09	3.879779e-09	2.437235e+01	4.644834e+02
3.940000e-06	2.735376e-09	3.898957e-09	2.463561e+01	4.667210e+02
3.950000e-06	2.764536e-09	3.918952e-09	2.489824e+01	4.689280e+02
3.960000e-06	2.793621e-09	3.936652e-09	2.516018e+01	4.711061e+02
3.970000e-06	2.822629e-09	3.951097e-09	2.542144e+01	4.732571e+02
3.980000e-06	2.851561e-09	3.964922e-09	2.568201e+01	4.753821e+02
3.990000e-06	2.880417e-09	3.981145e-09	2.594190e+01	4.774827e+02
4.000000e-06	2.909192e-09	3.998997e-09	2.620106e+01	4.795598e+02
4.010000e-06	2.937887e-09	4.015824e-09	2.645949e+01	4.816144e+02
4.020000e-06	2.966510e-09	4.030893e-09	2.671728e+01	4.836473e+02
4.030000e-06	2.995058e-09	4.045503e-09	2.697438e+01	4.856591e+02
4.040000e-06	3.023524e-09	4.061732e-09	2.723076e+01	4.876505e+02
4.050000e-06	3.051903e-09	4.078586e-09	2.748635e+01	4.896219e+02
4.060000e-06	3.080196e-09	4.095370e-09	2.774117e+01	4.915734e+02
4.070000e-06	3.108399e-09	4.112525e-09	2.799517e+01	4.935055e+02
4.080000e-06	3.136507e-09	4.129833e-09	2.824832e+01	4.954181e+02
4.090000e-06	3.164528e-09	4.145205e-09	2.850068e+01	4.973113e+02
4.100000e-06	3.192460e-09	4.156706e-09	2.875225e+01	4.991850e+02
4.110000e-06	3.220302e-09	4.167178e-09	2.900300e+01	5.010393e+02
4.120000e-06	3.248051e-09	4.180379e-09	2.925291e+01	5.028738e+02
4.130000e-06	3.275703e-09	4.195641e-09	2.950196e+01	5.046885e+02
4.140000e-06	3.303266e-09	4.210530e-09	2.975020e+01	5.064830e+02
4.150000e-06	3.330741e-09	4.225375e-09	2.999764e+01	5.082572e+02
4.160000e-06	3.358125e-09	4.240584e-09	3.024427e+01	5.100108e+02
4.170000e-06	3.385420e-09	4.254255e-09	3.049010e+01	5.117434e+02
4.180000e-06	3.412625e-09	4.264921e-09	3.073511e+01	5.134549e+02
4.190000e-06	3.439737e-09	4.275402e-09	3.097929e+01	5.151449e+02
4.200000e-06	3.466758e-09	4.289493e-09	3.122265e+01	5.168132e+02
4.210000e-06	3.493695e-09	4.306208e-09	3.146525e+01	5.184596e+02
4.220000e-06	3.520553e-09	4.321711e-09	3.170714e+01	5.200839e+02
4.230000e-06	3.547329e-09	4.334457e-09	3.194829e+01	5.216858e+02
4.240000e-06	3.574014e-09	4.346867e-09	3.218863e+01	5.232653e+02
4.250000e-06	3.600602e-09	4.360358e-09	3.242809e+01	5.248223e+02
4.260000e-06	3.627095e-09	4.373406e-09	3.266669e+01	5.263567e+02
4.270000e-06	3.653493e-09	4.384701e-09	3.290444e+01	5.278685e+02
4.280000e-06	3.679788e-09	4.396105e-09	3.314126e+01	5.293578e+02
4.290000e-06	3.705978e-09	4.409682e-09	3.337714e+01	5.308247e+02
4.300000e-06	3.732074e-09	4.423399e-09	3.361217e+01	5.322693e+02
4.310000e-06	3.758080e-09	4.434063e-09	3.384638e+01	5.336918e+02
4.320000e-06	3.783988e-09	4.442883e-09	3.407972e+01	5.350925e+02
4.330000e-06	3.809798e-09	4.454946e-09	3.431217e+01	5.364717e+02
4.340000e-06	3.835506e-09	4.471347e-09	3.454370e+01	5.378297e+02
4.350000e-06	3.861116e-09	4.488786e-09	3.477435e+01	5.391670e+02
4.360000e-06	3.886630e-09	4.504118e-09	3.500415e+01	5.404839e+02
4.370000e-06	3.912045e-09	4.516705e-09	3.523304e+01	5.417809e+02
4.380000e-06	3.937366e-09	4.527783e-09	3.546108e+01	5.430586e+02
4.390000e-06	3.962599e-09	4.538147e-09	3.568834e+01	5.443176e+02
4.400000e-06	3.987743e-09	4.548974e-09	3.591480e+01	5.455583e+02
4.410000e-06	4.012786e-09	4.560368e-09	3.614034e+01	5.467814e+02
4.420000e-06	4.037722e-09	4.572969e-09	3.636492e+01	5.479875e+02
4.430000e-06	4.062554e-09	4.588413e-09	3.658857e+01	5.491774e+02
4.440000e-06	4.087275e-09	4.604180e-09	3.681121e+01	5.503515e+02
4.450000e-06	4.111883e-09	4.615587e-09	3.703284e+01	5.515106e+02
4.460000e-06	4.136384e-09	4.622313e-09	3.725350e+01	5.526554e+02
4.470000e-06	4.160782e-09	4.629201e-09	3.747323e+01	5.537865e+02
4.480000e-06	4.185071e-09	4.641107e-09	3.769199e+01	5.549046e+02
4.490000e-06	4.209245e-09	4.656175e-09	3.790970e+01	5.560103e+02
4.500000e-06	4.233304e-09	4.668821e-09	3.812639e+01	5.571042e+02
4.510000e-06	4.257250e-09	4.678374e-09	3.834206e+01	5.581869e+02
4.520000e-06	4.281092e-09	4.688166e-09	3.855678e+01	5.592590e+02
4.530000e-06	4.304828e-09	4.699402e-09	3.877056e+01	5.603212e+02
4.540000e-06	4.328454e-09	4.710086e-09	3.898334e+01	5.613738e+02
4.550000e-06	4.351961e-09	4.719542e-09	3.919505e+01	5.624174e+02
4.560000e-06	4.375342e-09	4.728957e-09	3.940563e+01	5.634524e+02
4.570000e-06	4.398596e-09	4.741579e-09	3.961506e+01	5.644793e+02
4.580000e-06	4.421724e-09	4.756506e-09	3.982335e+01	5.654983e+02
4.590000e-06	4.444725e-09	4.767256e-09	4.003051e+01	5.665099e+02
4.600000e-06	4.467593e-09	4.772667e-09	4.023647e+01	5.675142e+02
4.610000e-06	4.490327e-09	4.777955e-09	4.044122e+01	5.685116e+02
4.620000e-06	4.512939e-09	4.787014e-09	4.064486e+01	5.695023e+02
4.630000e-06	4.535435e-09	4.798198e-09	4.084747e+01	5.704862e+02
4.640000e-06	4.557814e-09	4.807457e-09	4.104902e+01	5.714636e+02
4.650000e-06	4.580075e-09	4.813904e-09	4.124951e+01	5.724345e+02
4.660000e-06	4.602227e-09	4.822599e-09	4.144902e+01	5.733989e+02
4.670000e-06	4.624282e-09	4.835637e-09	4.164765e+01	5.743568e+02
4.680000e-06	4.646242e-09	4.846280e-09	4.184543e+01	5.753080e+02
4.690000e-06	4.668093e-09	4.852330e-09	4.204223e+01	5.762525e+02
4.700000e-06	4.689824e-09	4.858584e-09	4.223794e+01	5.771901e+02
4.710000e-06	4.711427e-09	4.868757e-09	4.243250e+01	5.781206e+02
4.720000e-06	4.732902e-09	4.881052e-09	4.262591e+01	5.790437e+02
4.730000e-06	4.754249e-09	4.889477e-09	4.281817e+01	5.799594e+02
4.740000e-06	4.775467e-09	4.892806e-09	4.300927e+01	5.808671e+02
4.750000e-06	4.796554e-09	4.894722e-09	4.319919e+01	5.817667e+02
4.760000e-06	4.817508e-09	4.899372e-09	4.338790e+01	5.826579e+02
4.770000e-06	4.838334e-09	4.905683e-09	4.357546e+01	5.835403e+02
4.780000e-06	4.859035e-09	4.910382e-09	4.376191e+01	5.844136e+02
4.790000e-06	4.879610e-09	4.916294e-09	4.394721e+01	5.852775e+02
4.800000e-06	4.900065e-09	4.926262e-09	4.413143e+01	5.861315e+02
4.810000e-06	4.920409e-09	4.937267e-09	4.431466e+01	5.869754e+02
4.820000e-06	4.940635e-09	4.944481e-09	4.449682e+01	5.878088e+02
4.830000e-06	4.960734e-09	4.947089e-09	4.467784e+01	5.886314e+02
4.840000e-06	4.980698e-09	4.948521e-09	4.485763e+01	5.894428e+02
4.850000e-06	5.000516e-09	4.953788e-09	4.503612e+01	5.902428e+02
4.860000e-06	5.020192e-09	4.963451e-09	4.521333e+01	5.910311e+02
4.870000e-06	5.039733e-09	4.973360e-09	4.538932e+01	5.918074e+02
4.880000e-06	5.059135e-09	4.980429e-09	4.556407e+01	5.925714e+02
4.890000e-06	5.078402e-09	4.985276e-09	4.573758e+01	5.933230e+02
4.900000e-06	5.097535e-09	4.989937e-09	4.590990e+01	5.940619e+02
4.910000e-06	5.116542e-09	4.993992e-09	4.608109e+01	5.947880e+02
4.920000e-06	5.135433e-09	4.995786e-09	4.625122e+01	5.955012e+02
4.930000e-06	5.154208e-09	4.998117e-09	4.642032e+01	5.962014e+02
4.940000e-06	5.172868e-09	5.005751e-09	4.658837e+01	5.968884e+02
4.950000e-06	5.191404e-09	5.016973e-09	4.675531e+01	5.975624e+02
4.960000e-06	5.209802e-09	5.026097e-09	4.692101e+01	5.982232e+02
4.970000e-06	5.228052e-09	5.032177e-09	4.708538e+01	5.988710e+02
4.980000e-06	5.246155e-09	5.038726e-09	4.724842e+01	5.995058e+02
4.990000e-06	5.264111e-09	5.047051e-09	4.741014e+01	6.001277e+02
5.000000e-06	5.281918e-09	5.055084e-09	4.757051e+01	6.007369e+02
5.010000e-06	5.299584e-09	5.061539e-09	4.772961e+01	6.013335e+02
5.020000e-06	5.317122e-09	5.066537e-09	4.788757e+01	6.019178e+02
5.030000e-06	5.334536e-09	5.070866e-09	4.804441e+01	6.024899e+02
5.040000e-06	5.351830e-09	5.075409e-09	4.820016e+01	6.030502e+02
5.050000e-06	5.369005e-09	5.081469e-09	4.835484e+01	6.035989e+02
5.060000e-06	5.386056e-09	5.090179e-09	4.850841e+01	6.041364e+02
5.070000e-06	5.402982e-09	5.099346e-09	4.866085e+01	6.046629e+02
5.080000e-06	5.419782e-09	5.106593e-09	4.881215e+01	6.051788e+02
5.090000e-06	5.436448e-09	5.110690e-09	4.896225e+01	6.056846e+02
5.100000e-06	5.452975e-09	5.112378e-09	4.911110e+01	6.061805e+02
5.110000e-06	5.469361e-09	5.115342e-09	4.925868e+01	6.066669e+02
5.120000e-06	5.485602e-09	5.123044e-09	4.940494e+01	6.071443e+02
5.130000e-06	5.501691e-09	5.133420e-09	4.954985e+01	6.076130e+02
5.140000e-06	5.517634e-09	5.142225e-09	4.969343e+01	6.080734e+02
5.150000e-06	5.533435e-09	5.149802e-09	4.983575e+01	6.085260e+02
5.160000e-06	5.549095e-09	5.157527e-09	4.997679e+01	6.089712e+02
5.170000e-06	5.564614e-09	5.163441e-09	5.011655e+01	6.094092e+02
5.180000e-06	5.579987e-09	5.163817e-09	5.025501e+01	6.098405e+02
5.190000e-06	5.595198e-09	5.162881e-09	5.039200e+01	6.102656e+02
5.200000e-06	5.610229e-09	5.167779e-09	5.052737e+01	6.106846e+02
5.210000e-06	5.625083e-09	5.176247e-09	5.066115e+01	6.110980e+02
5.220000e-06	5.639773e-09	5.182405e-09	5.079345e+01	6.115060e+02
5.230000e-06	5.654307e-09	5.184502e-09	5.092435e+01	6.119091e+02
5.240000e-06	5.668697e-09	5.187169e-09	5.105395e+01	6.123074e+02
5.250000e-06	5.682950e-09	5.193869e-09	5.118232e+01	6.127013e+02
5.260000e-06	5.697066e-09	5.201641e-09	5.130945e+01	6.130909e+02
5.270000e-06	5.711047e-09	5.205835e-09	5.143537e+01	6.134764e+02
5.280000e-06	5.724900e-09	5.207297e-09	5.156013e+01	6.138582e+02
5.290000e-06	5.738624e-09	5.210319e-09	5.168374e+01	6.142362e+02
5.300000e-06	5.752207e-09	5.213658e-09	5.180607e+01	6.146108e+02
5.310000e-06	5.765618e-09	5.214902e-09	5.192685e+01	6.149819e+02
5.320000e-06	5.778847e-09	5.215446e-09	5.204600e+01	6.153497e+02
5.330000e-06	5.791912e-09	5.219318e-09	5.216366e+01	6.157142e+02
5.340000e-06	5.804829e-09	5.227702e-09	5.228000e+01	6.160755e+02
5.350000e-06	5.817613e-09	5.235373e-09	5.239513e+01	6.164337e+02
5.360000e-06	5.830265e-09	5.238090e-09	5.250908e+01	6.167886e+02
5.370000e-06	5.842785e-09	5.236904e-09	5.262184e+01	6.171404e+02
5.380000e-06	5.855172e-09	5.236308e-09	5.273340e+01	6.174889e+02
5.390000e-06	5.867430e-09	5.237932e-09	5.284380e+01	6.178342e+02
5.400000e-06	5.879565e-09	5.240187e-09	5.295310e+01	6.181761e+02
5.410000e-06	5.891557e-09	5.242995e-09	5.306109e+01	6.185145e+02
5.420000e-06	5.903368e-09	5.248266e-09	5.316747e+01	6.188495e+02
5.430000e-06	5.914991e-09	5.255163e-09	5.327215e+01	6.191809e+02
5.440000e-06	5.926442e-09	5.259897e-09	5.337528e+01	6.195085e+02
5.450000e-06	5.937739e-09	5.262441e-09	5.347703e+01	6.198323e+02
5.460000e-06	5.948898e-09	5.263086e-09	5.357753e+01	6.201522e+02
5.470000e-06	5.959920e-09	5.263118e-09	5.367679e+01	6.204681e+02
5.480000e-06	5.970796e-09	5.264314e-09	5.377474e+01	6.207798e+02
5.490000e-06	5.981516e-09	5.266827e-09	5.387129e+01	6.210873e+02
5.500000e-06	5.992070e-09	5.270565e-09	5.396634e+01	6.213903e+02
5.510000e-06	6.002437e-09	5.274093e-09	5.405971e+01	6.216890e+02
5.520000e-06	6.012598e-09	5.277633e-09	5.415122e+01	6.219830e+02
5.530000e-06	6.022557e-09	5.280291e-09	5.424092e+01	6.222725e+02
5.540000e-06	6.032344e-09	5.281208e-09	5.432906e+01	6.225572e+02
5.550000e-06	6.041978e-09	5.281666e-09	5.441583e+01	6.228372e+02
5.560000e-06	6.051470e-09	5.283649e-09	5.450132e+01	6.231124e+02
5.570000e-06	6.060818e-09	5.288064e-09	5.458551e+01	6.233827e+02
5.580000e-06	6.070021e-09	5.293429e-09	5.466839e+01	6.236481e+02
5.590000e-06	6.079090e-09	5.297840e-09	5.475007e+01	6.239087e+02
5.600000e-06	6.088035e-09	5.299741e-09	5.483064e+01	6.241643e+02
5.610000e-06	6.096839e-09	5.301715e-09	5.490993e+01	6.244152e+02
5.620000e-06	6.105466e-09	5.304877e-09	5.498762e+01	6.246612e+02
5.630000e-06	6.113894e-09	5.307143e-09	5.506353e+01	6.249024e+02
5.640000e-06	6.122137e-09	5.307911e-09	5.513776e+01	6.251388e+02
5.650000e-06	6.130227e-09	5.309470e-09	5.521062e+01	6.253706e+02
5.660000e-06	6.138179e-09	5.315138e-09	5.528224e+01	6.255979e+02
5.670000e-06	6.145984e-09	5.322280e-09	5.535254e+01	6.258206e+02
5.680000e-06	6.153638e-09	5.327961e-09	5.542147e+01	6.260388e+02
5.690000e-06	6.161147e-09	5.331129e-09	5.548909e+01	6.262528e+02
5.700000e-06	6.168527e-09	5.333052e-09	5.555557e+01	6.264625e+02
5.710000e-06	6.175776e-09	5.334858e-09	5.562086e+01	6.266682e+02
5.720000e-06	6.182857e-09	5.335398e-09	5.568463e+01	6.268698e+02
5.730000e-06	6.189738e-09	5.335701e-09	5.574660e+01	6.270674e+02
5.740000e-06	6.196425e-09	5.338505e-09	5.580682e+01	6.272613e+02
5.750000e-06	6.202954e-09	5.345285e-09	5.586562e+01	6.274515e+02
5.760000e-06	6.209348e-09	5.353043e-09	5.592321e+01	6.276380e+02
5.770000e-06	6.215595e-09	5.360961e-09	5.597947e+01	6.278209e+02
5.780000e-06	6.221691e-09	5.368260e-09	5.603437e+01	6.280004e+02
5.790000e-06	6.227632e-09	5.373148e-09	5.608788e+01	6.281764e+02
5.800000e-06	6.233437e-09	5.374505e-09	5.614016e+01	6.283491e+02
5.810000e-06	6.239122e-09	5.371834e-09	5.619136e+01	6.285184e+02
5.820000e-06	6.244652e-09	5.368829e-09	5.624117e+01	6.286843e+02
5.830000e-06	6.249970e-09	5.369124e-09	5.628906e+01	6.288468e+02
5.840000e-06	6.255073e-09	5.374019e-09	5.633502e+01	6.290059e+02
5.850000e-06	6.260008e-09	5.380342e-09	5.637947e+01	6.291616e+02
5.860000e-06	6.264791e-09	5.386107e-09	5.642254e+01	6.293138e+02
5.870000e-06	6.269417e-09	5.390667e-09	5.646421e+01	6.294623e+02
5.880000e-06	6.273889e-09	5.392990e-09	5.650449e+01	6.296071e+02
5.890000e-06	6.278213e-09	5.394164e-09	5.654343e+01	6.297480e+02
5.900000e-06	6.282405e-09	5.394303e-09	5.658118e+01	6.298848e+02
5.910000e-06	6.286476e-09	5.396267e-09	5.661785e+01	6.300174e+02
5.920000e-06	6.290400e-09	5.400712e-09	5.665319e+01	6.301456e+02
5.930000e-06	6.294154e-09	5.406103e-09	5.668700e+01	6.302691e+02
5.940000e-06	6.297742e-09	5.410879e-09	5.671931e+01	6.303877e+02
5.950000e-06	6.301167e-09	5.412672e-09	5.675015e+01	6.305012e+02
5.960000e-06	6.304415e-09	5.412972e-09	5.677941e+01	6.306091e+02
5.970000e-06	6.307479e-09	5.413682e-09	5.680700e+01	6.307113e+02
5.980000e-06	6.310368e-09	5.415963e-09	5.683302e+01	6.308074e+02
5.990000e-06	6.313096e-09	5.418949e-09	5.685759e+01	6.308971e+02
6.000000e-06	6.315662e-09	5.422539e-09	5.688070e+01	6.309801e+02
6.010000e-06	6.318053e-09	5.424544e-09	5.690224e+01	6.310560e+02
6.020000e-06	6.320232e-09	5.423571e-09	5.692186e+01	6.311245e+02
6.030000e-06	6.322190e-09	5.422556e-09	5.693950e+01	6.311852e+02
6.040000e-06	6.323974e-09	5.422439e-09	5.695556e+01	6.312378e+02
6.050000e-06	6.325620e-09	5.423988e-09	5.697039e+01	6.312819e+02
6.060000e-06	6.327122e-09	5.425686e-09	5.698391e+01	6.313173e+02
6.070000e-06	6.328465e-09	5.428216e-09	5.699601e+01	6.313435e+02
6.080000e-06	6.329645e-09	5.431077e-09	5.700664e+01	6.313603e+02
6.090000e-06	6.330684e-09	5.432275e-09	5.701599e+01	6.313674e+02
6.100000e-06	6.331606e-09	5.432059e-09	5.702430e+01	6.313644e+02
6.110000e-06	6.332377e-09	5.428506e-09	5.703124e+01	6.313513e+02
6.120000e-06	6.332941e-09	5.423629e-09	5.703632e+01	6.313276e+02
6.130000e-06	6.333290e-09	5.419536e-09	5.703947e+01	6.312933e+02
6.140000e-06	6.333469e-09	5.417193e-09	5.704107e+01	6.312481e+02
6.150000e-06	6.333512e-09	5.417333e-09	5.704146e+01	6.311919e+02
6.160000e-06	6.333414e-09	5.420051e-09	5.704058e+01	6.311247e+02
6.170000e-06	6.333161e-09	5.424781e-09	5.703830e+01	6.310462e+02
6.180000e-06	6.332757e-09	5.427430e-09	5.703466e+01	6.309566e+02
6.190000e-06	6.332216e-09	5.427729e-09	5.702979e+01	6.308558e+02
6.200000e-06	6.331553e-09	5.427226e-09	5.702382e+01	6.307438e+02
6.210000e-06	6.330754e-09	5.422080e-09	5.701663e+01	6.306208e+02
6.220000e-06	6.329769e-09	5.405522e-09	5.700775e+01	6.304868e+02
6.230000e-06	6.328581e-09	5.386667e-09	5.699705e+01	6.303421e+02
6.240000e-06	6.327215e-09	5.421052e-09	5.698475e+01	6.301869e+02
6.250000e-06	6.325649e-09	5.447093e-09	5.697064e+01	6.300214e+02
6.260000e-06	6.323799e-09	5.369040e-09	5.695399e+01	6.298459e+02
6.270000e-06	6.321693e-09	5.354215e-09	5.693502e+01	6.296608e+02
6.280000e-06	6.319514e-09	5.454383e-09	5.691539e+01	6.294664e+02
6.290000e-06	6.317265e-09	5.439640e-09	5.689514e+01	6.292632e+02
6.300000e-06	6.314819e-09	5.339200e-09	5.687311e+01	6.290515e+02
6.310000e-06	6.312232e-09	5.361288e-09	5.684981e+01	6.288320e+02
6.320000e-06	6.309522e-09	5.449155e-09	5.682540e+01	6.286050e+02
6.330000e-06	6.306616e-09	5.426266e-09	5.679923e+01	6.283712e+02
6.340000e-06	6.303502e-09	5.356394e-09	5.677118e+01	6.281310e+02
6.350000e-06	6.300224e-09	5.386799e-09	5.674166e+01	6.278851e+02
6.360000e-06	6.296793e-09	5.415936e-09	5.671076e+01	6.276341e+02
6.370000e-06	6.293186e-09	5.363553e-09	5.667827e+01	6.273785e+02
6.380000e-06	6.289464e-09	5.346847e-09	5.664476e+01	6.271191e+02
6.390000e-06	6.285653e-09	5.405622e-09	5.661043e+01	6.268563e+02
6.400000e-06	6.281655e-09	5.420528e-09	5.657442e+01	6.265909e+02
6.410000e-06	6.277397e-09	5.396042e-09	5.653607e+01	6.263235e+02
6.420000e-06	6.272950e-09	5.425519e-09	5.649602e+01	6.260546e+02
6.430000e-06	6.268355e-09	5.423498e-09	5.645464e+01	6.257849e+02
6.440000e-06	6.263564e-09	5.368805e-09	5.641149e+01	6.255149e+02
6.450000e-06	6.258619e-09	5.370590e-09	5.636695e+01	6.252453e+02
6.460000e-06	6.253577e-09	5.411784e-09	5.632154e+01	6.249765e+02
6.470000e-06	6.248415e-09	5.397048e-09	5.627506e+01	6.247091e+02
6.480000e-06	6.243087e-09	5.379889e-09	5.622707e+01	6.244435e+02
6.490000e-06	6.237594e-09	5.416458e-09	5.617759e+01	6.241802e+02
6.500000e-06	6.231906e-09	5.424472e-09	5.612636e+01	6.239195e+02
6.510000e-06	6.225994e-09	5.396723e-09	5.607312e+01	6.236618e+02
6.520000e-06	6.219900e-09	5.385185e-09	5.601824e+01	6.234074e+02
6.530000e-06	6.213658e-09	5.386101e-09	5.596202e+01	6.231566e+02
6.540000e-06	6.207265e-09	5.384942e-09	5.590444e+01	6.229096e+02
6.550000e-06	6.200723e-09	5.399698e-09	5.584552e+01	6.226665e+02
6.560000e-06	6.194042e-09	5.406585e-09	5.578535e+01	6.224273e+02
6.570000e-06	6.187207e-09	5.398547e-09	5.572379e+01	6.221922e+02
6.580000e-06	6.180216e-09	5.406441e-09	5.566083e+01	6.219611e+02
6.590000e-06	6.173081e-09	5.408251e-09	5.559657e+01	6.217338e+02
6.600000e-06	6.165787e-09	5.391957e-09	5.553088e+01	6.215104e+02
6.610000e-06	6.158313e-09	5.377184e-09	5.546357e+01	6.212905e+02
6.620000e-06	6.150639e-09	5.376334e-09	5.539445e+01	6.210739e+02
6.630000e-06	6.142790e-09	5.386136e-09	5.532377e+01	6.208602e+02
6.640000e-06	6.134795e-09	5.399836e-09	5.525175e+01	6.206492e+02
6.650000e-06	6.126656e-09	5.395209e-09	5.517845e+01	6.204403e+02
6.660000e-06	6.118362e-09	5.380925e-09	5.510375e+01	6.202331e+02
6.670000e-06	6.109912e-09	5.383952e-09	5.502765e+01	6.200270e+02
6.680000e-06	6.101327e-09	5.380710e-09	5.495033e+01	6.198215e+02
6.690000e-06	6.092616e-09	5.369115e-09	5.487188e+01	6.196160e+02
6.700000e-06	6.083765e-09	5.365746e-09	5.479217e+01	6.194097e+02
6.710000e-06	6.074742e-09	5.366968e-09	5.471090e+01	6.192021e+02
6.720000e-06	6.065543e-09	5.372212e-09	5.462805e+01	6.189923e+02
6.730000e-06	6.056187e-09	5.376249e-09	5.454379e+01	6.187796e+02
6.740000e-06	6.046684e-09	5.363798e-09	5.445820e+01	6.185634e+02
6.750000e-06	6.037023e-09	5.346165e-09	5.437119e+01	6.183427e+02
6.760000e-06	6.027189e-09	5.344933e-09	5.428262e+01	6.181168e+02
6.770000e-06	6.017186e-09	5.345710e-09	5.419253e+01	6.178848e+02
6.780000e-06	6.007021e-09	5.341462e-09	5.410098e+01	6.176461e+02
6.790000e-06	5.996683e-09	5.336412e-09	5.400788e+01	6.173998e+02
6.800000e-06	5.986134e-09	5.335360e-09	5.391287e+01	6.171451e+02
6.810000e-06	5.975371e-09	5.340658e-09	5.381593e+01	6.168812e+02
6.820000e-06	5.964425e-09	5.338910e-09	5.371735e+01	6.166074e+02
6.830000e-06	5.953331e-09	5.326393e-09	5.361743e+01	6.163231e+02
6.840000e-06	5.942101e-09	5.315554e-09	5.351629e+01	6.160274e+02
6.850000e-06	5.930723e-09	5.315239e-09	5.341382e+01	6.157198e+02
6.860000e-06	5.919196e-09	5.318563e-09	5.331001e+01	6.153996e+02
6.870000e-06	5.907530e-09	5.318825e-09	5.320494e+01	6.150663e+02
6.880000e-06	5.895737e-09	5.312305e-09	5.309872e+01	6.147193e+02
6.890000e-06	5.883803e-09	5.306605e-09	5.299125e+01	6.143583e+02
6.900000e-06	5.871708e-09	5.307629e-09	5.288232e+01	6.139828e+02
6.910000e-06	5.859437e-09	5.308368e-09	5.277180e+01	6.135924e+02
6.920000e-06	5.846994e-09	5.304353e-09	5.265973e+01	6.131868e+02
6.930000e-06	5.834392e-09	5.297598e-09	5.254623e+01	6.127659e+02
6.940000e-06	5.821637e-09	5.296957e-09	5.243136e+01	6.123295e+02
6.950000e-06	5.808738e-09	5.297120e-09	5.231518e+01	6.118774e+02
6.960000e-06	5.795693e-09	5.290299e-09	5.219770e+01	6.114097e+02
6.970000e-06	5.782509e-09	5.277654e-09	5.207896e+01	6.109264e+02
6.980000e-06	5.769192e-09	5.270155e-09	5.195902e+01	6.104276e+02
6.990000e-06	5.755735e-09	5.273398e-09	5.183783e+01	6.099134e+02
7.000000e-06	5.742128e-09	5.279288e-09	5.171528e+01	6.093841e+02
7.010000e-06	5.728359e-09	5.282367e-09	5.159127e+01	6.088400e+02
7.020000e-06	5.714416e-09	5.279982e-09	5.146570e+01	6.082815e+02
7.030000e-06	5.700300e-09	5.277243e-09	5.133856e+01	6.077089e+02
7.040000e-06	5.686027e-09	5.271069e-09	5.121002e+01	6.071227e+02
7.050000e-06	5.671616e-09	5.260488e-09	5.108023e+01	6.065234e+02
7.060000e-06	5.657072e-09	5.248461e-09	5.094924e+01	6.059116e+02
7.070000e-06	5.642377e-09	5.240129e-09	5.081690e+01	6.052879e+02
7.080000e-06	5.627529e-09	5.242728e-09	5.068317e+01	6.046529e+02
7.090000e-06	5.612522e-09	5.248144e-09	5.054801e+01	6.040073e+02
7.100000e-06	5.597342e-09	5.251198e-09	5.041129e+01	6.033518e+02
7.110000e-06	5.581983e-09	5.248322e-09	5.027296e+01	6.026871e+02
7.120000e-06	5.566449e-09	5.243553e-09	5.013306e+01	6.020140e+02
7.130000e-06	5.550757e-09	5.238240e-09	4.999174e+01	6.013332e+02
7.140000e-06	5.534915e-09	5.229205e-09	4.984906e+01	6.006454e+02
7.150000e-06	5.518930e-09	5.219530e-09	4.970509e+01	5.999515e+02
7.160000e-06	5.502817e-09	5.210761e-09	4.955997e+01	5.992521e+02
7.170000e-06	5.486576e-09	5.208819e-09	4.941370e+01	5.985480e+02
7.180000e-06	5.470211e-09	5.209729e-09	4.926631e+01	5.978398e+02
7.190000e-06	5.453719e-09	5.211674e-09	4.911778e+01	5.971284e+02
7.200000e-06	5.437090e-09	5.210404e-09	4.896801e+01	5.964143e+02
7.210000e-06	5.420315e-09	5.202032e-09	4.881693e+01	5.956982e+02
7.220000e-06	5.403399e-09	5.189320e-09	4.866459e+01	5.949807e+02
7.230000e-06	5.386340e-09	5.174523e-09	4.851095e+01	5.942623e+02
7.240000e-06	5.369118e-09	5.164419e-09	4.835584e+01	5.935435e+02
7.250000e-06	5.351731e-09	5.157437e-09	4.819925e+01	5.928247e+02
7.260000e-06	5.334196e-09	5.154562e-09	4.804132e+01	5.921064e+02
7.270000e-06	5.316539e-09	5.152351e-09	4.788230e+01	5.913889e+02
7.280000e-06	5.298765e-09	5.148604e-09	4.772222e+01	5.906724e+02
7.290000e-06	5.280866e-09	5.144402e-09	4.756102e+01	5.899571e+02
7.300000e-06	5.262843e-09	5.138203e-09	4.739870e+01	5.892432e+02
7.310000e-06	5.244699e-09	5.130726e-09	4.723529e+01	5.885308e+02
7.320000e-06	5.226429e-09	5.120861e-09	4.707074e+01	5.878199e+02
7.330000e-06	5.208016e-09	5.113108e-09	4.690491e+01	5.871103e+02
7.340000e-06	5.189454e-09	5.106201e-09	4.673773e+01	5.864020e+02
7.350000e-06	5.170748e-09	5.100018e-09	4.656926e+01	5.856947e+02
7.360000e-06	5.151898e-09	5.093272e-09	4.639949e+01	5.849883e+02
7.370000e-06	5.132894e-09	5.085352e-09	4.622833e+01	5.842823e+02
7.380000e-06	5.113747e-09	5.078917e-09	4.605589e+01	5.835764e+02
7.390000e-06	5.094476e-09	5.071831e-09	4.588234e+01	5.828702e+02
7.400000e-06	5.075094e-09	5.065921e-09	4.570777e+01	5.821631e+02
7.410000e-06	5.055601e-09	5.058585e-09	4.553221e+01	5.814545e+02
7.420000e-06	5.035989e-09	5.051949e-09	4.535558e+01	5.807440e+02
7.430000e-06	5.016252e-09	5.044684e-09	4.517782e+01	5.800308e+02
7.440000e-06	4.996381e-09	5.034230e-09	4.499886e+01	5.793142e+02
7.450000e-06	4.976383e-09	5.022399e-09	4.481875e+01	5.785936e+02
7.460000e-06	4.956259e-09	5.010933e-09	4.463751e+01	5.778681e+02
7.470000e-06	4.935999e-09	5.006039e-09	4.445504e+01	5.771371e+02
7.480000e-06	4.915589e-09	5.004960e-09	4.427123e+01	5.763998e+02
7.490000e-06	4.895034e-09	5.004309e-09	4.408610e+01	5.756553e+02
7.500000e-06	4.874348e-09	4.999051e-09	4.389979e+01	5.749028e+02
7.510000e-06	4.853528e-09	4.988610e-09	4.371229e+01	5.741416e+02
7.520000e-06	4.832588e-09	4.975120e-09	4.352369e+01	5.733709e+02
7.530000e-06	4.811536e-09	4.957960e-09	4.333409e+01	5.725899e+02
7.540000e-06	4.790375e-09	4.942013e-09	4.314350e+01	5.717978e+02
7.550000e-06	4.769106e-09	4.932500e-09	4.295196e+01	5.709939e+02
7.560000e-06	4.747730e-09	4.933431e-09	4.275943e+01	5.701775e+02
7.570000e-06	4.726233e-09	4.939235e-09	4.256583e+01	5.693480e+02
7.580000e-06	4.704621e-09	4.941571e-09	4.237118e+01	5.685047e+02
7.590000e-06	4.682899e-09	4.936160e-09	4.217555e+01	5.676470e+02
7.600000e-06	4.661061e-09	4.926345e-09	4.197887e+01	5.667744e+02
7.610000e-06	4.639098e-09	4.917261e-09	4.178107e+01	5.658864e+02
7.620000e-06	4.617003e-09	4.909715e-09	4.158207e+01	5.649827e+02
7.630000e-06	4.594775e-09	4.905361e-09	4.138188e+01	5.640627e+02
7.640000e-06	4.572420e-09	4.901570e-09	4.118054e+01	5.631264e+02
7.650000e-06	4.549941e-09	4.898415e-09	4.097809e+01	5.621733e+02
7.660000e-06	4.527339e-09	4.894219e-09	4.077452e+01	5.612033e+02
7.670000e-06	4.504607e-09	4.886852e-09	4.056980e+01	5.602163e+02
7.680000e-06	4.481750e-09	4.877586e-09	4.036394e+01	5.592123e+02
7.690000e-06	4.458770e-09	4.867868e-09	4.015697e+01	5.581913e+02
7.700000e-06	4.435659e-09	4.859442e-09	3.994883e+01	5.571534e+02
7.710000e-06	4.412414e-09	4.850407e-09	3.973948e+01	5.560987e+02
7.720000e-06	4.389042e-09	4.842110e-09	3.952899e+01	5.550275e+02
7.730000e-06	4.365553e-09	4.834703e-09	3.931744e+01	5.539400e+02
7.740000e-06	4.341942e-09	4.828913e-09	3.910479e+01	5.528365e+02
7.750000e-06	4.318206e-09	4.821710e-09	3.889101e+01	5.517175e+02
7.760000e-06	4.294342e-09	4.812059e-09	3.867609e+01	5.505833e+02
7.770000e-06	4.270353e-09	4.806189e-09	3.846004e+01	5.494344e+02
7.780000e-06	4.246247e-09	4.803388e-09	3.824294e+01	5.482714e+02
7.790000e-06	4.222041e-09	4.800728e-09	3.802493e+01	5.470947e+02
7.800000e-06	4.197741e-09	4.794382e-09	3.780608e+01	5.459050e+02
7.810000e-06	4.173352e-09	4.784020e-09	3.758641e+01	5.447027e+02
7.820000e-06	4.148867e-09	4.770991e-09	3.736590e+01	5.434887e+02
7.830000e-06	4.124278e-09	4.757952e-09	3.714444e+01	5.422633e+02
7.840000e-06	4.099581e-09	4.745691e-09	3.692202e+01	5.410273e+02
7.850000e-06	4.074773e-09	4.732641e-09	3.669859e+01	5.397813e+02
7.860000e-06	4.049851e-09	4.723335e-09	3.647413e+01	5.385258e+02
7.870000e-06	4.024820e-09	4.719392e-09	3.624870e+01	5.372615e+02
7.880000e-06	3.999683e-09	4.717373e-09	3.602230e+01	5.359889e+02
7.890000e-06	3.974439e-09	4.711673e-09	3.579495e+01	5.347085e+02
7.900000e-06	3.949092e-09	4.701989e-09	3.556667e+01	5.334208e+02
7.910000e-06	3.923635e-09	4.691608e-09	3.533739e+01	5.321263e+02
7.920000e-06	3.898065e-09	4.680397e-09	3.510710e+01	5.308253e+02
7.930000e-06	3.872395e-09	4.667865e-09	3.487591e+01	5.295182e+02
7.940000e-06	3.846632e-09	4.654025e-09	3.464388e+01	5.282053e+02
7.950000e-06	3.820783e-09	4.639922e-09	3.441108e+01	5.268868e+02
7.960000e-06	3.794844e-09	4.626550e-09	3.417746e+01	5.255627e+02
7.970000e-06	3.768812e-09	4.615670e-09	3.394301e+01	5.242333e+02
7.980000e-06	3.742691e-09	4.605735e-09	3.370776e+01	5.228984e+02
7.990000e-06	3.716476e-09	4.594864e-09	3.347166e+01	5.215580e+02
8.000000e-06	3.690159e-09	4.583632e-09	3.323464e+01	5.202120e+02
8.010000e-06	3.663743e-09	4.571221e-09	3.299673e+01	5.188600e+02
8.020000e-06	3.637236e-09	4.556948e-09	3.275800e+01	5.175018e+02
8.030000e-06	3.610631e-09	4.541789e-09	3.251839e+01	5.161368e+02
8.040000e-06	3.583932e-09	4.528493e-09	3.227793e+01	5.147647e+02
8.050000e-06	3.557142e-09	4.518204e-09	3.203665e+01	5.133848e+02
8.060000e-06	3.530255e-09	4.510300e-09	3.179450e+01	5.119965e+02
8.070000e-06	3.503271e-09	4.501783e-09	3.155147e+01	5.105990e+02
8.080000e-06	3.476192e-09	4.489527e-09	3.130759e+01	5.091915e+02
8.090000e-06	3.449020e-09	4.474785e-09	3.106287e+01	5.077731e+02
8.100000e-06	3.421754e-09	4.461375e-09	3.081730e+01	5.063428e+02
8.110000e-06	3.394406e-09	4.450475e-09	3.057100e+01	5.048997e+02
8.120000e-06	3.366977e-09	4.438147e-09	3.032397e+01	5.034427e+02
8.130000e-06	3.339467e-09	4.422065e-09	3.007621e+01	5.019706e+02
8.140000e-06	3.311872e-09	4.405722e-09	2.982768e+01	5.004822e+02
8.150000e-06	3.284182e-09	4.391656e-09	2.957829e+01	4.989765e+02
8.160000e-06	3.256397e-09	4.376578e-09	2.932806e+01	4.974520e+02
8.170000e-06	3.228517e-09	4.360176e-09	2.907696e+01	4.959076e+02
8.180000e-06	3.200541e-09	4.345680e-09	2.882500e+01	4.943420e+02
8.190000e-06	3.172476e-09	4.334032e-09	2.857224e+01	4.927540e+02
8.200000e-06	3.144327e-09	4.323654e-09	2.831872e+01	4.911421e+02
8.210000e-06	3.116098e-09	4.311596e-09	2.806447e+01	4.895052e+02
8.220000e-06	3.087784e-09	4.296853e-09	2.780947e+01	4.878421e+02
8.230000e-06	3.059379e-09	4.280067e-09	2.755365e+01	4.861514e+02
8.240000e-06	3.030887e-09	4.261739e-09	2.729704e+01	4.844320e+02
8.250000e-06	3.002313e-09	4.242274e-09	2.703970e+01	4.826827e+02
8.260000e-06	2.973658e-09	4.225705e-09	2.678162e+01	4.809025e+02
8.270000e-06	2.944924e-09	4.213598e-09	2.652284e+01	4.790903e+02
8.280000e-06	2.916116e-09	4.202848e-09	2.626338e+01	4.772451e+02
8.290000e-06	2.887231e-09	4.191005e-09	2.600323e+01	4.753659e+02
8.300000e-06	2.858269e-09	4.175727e-09	2.574240e+01	4.734520e+02
8.310000e-06	2.829243e-09	4.158013e-09	2.548098e+01	4.715026e+02
8.320000e-06	2.800153e-09	4.139196e-09	2.521898e+01	4.695170e+02
8.330000e-06	2.771000e-09	4.120435e-09	2.495642e+01	4.674946e+02
8.340000e-06	2.741780e-09	4.103343e-09	2.469326e+01	4.654350e+02
8.350000e-06	2.712493e-09	4.088480e-09	2.442949e+01	4.633376e+02
8.360000e-06	2.683143e-09	4.074891e-09	2.416515e+01	4.612022e+02
8.370000e-06	2.653725e-09	4.061394e-09	2.390021e+01	4.590287e+02
8.380000e-06	2.624235e-09	4.048936e-09	2.363462e+01	4.568167e+02
8.390000e-06	2.594678e-09	4.035069e-09	2.336841e+01	4.545664e+02
8.400000e-06	2.565059e-09	4.018400e-09	2.310165e+01	4.522778e+02
8.410000e-06	2.535379e-09	3.998513e-09	2.283435e+01	4.499511e+02
8.420000e-06	2.505633e-09	3.975874e-09	2.256645e+01	4.475864e+02
8.430000e-06	2.475819e-09	3.953449e-09	2.229794e+01	4.451842e+02
8.440000e-06	2.445942e-09	3.931764e-09	2.202886e+01	4.427447e+02
8.450000e-06	2.416000e-09	3.910020e-09	2.175919e+01	4.402686e+02
8.460000e-06	2.385993e-09	3.888077e-09	2.148893e+01	4.377562e+02
8.470000e-06	2.355926e-09	3.867331e-09	2.121814e+01	4.352081e+02
8.480000e-06	2.325801e-09	3.848272e-09	2.094683e+01	4.326251e+02
8.490000e-06	2.295611e-09	3.830285e-09	2.067493e+01	4.300077e+02
8.500000e-06	2.265365e-09	3.810944e-09	2.040253e+01	4.273567e+02
8.510000e-06	2.235065e-09	3.789470e-09	2.012963e+01	4.246727e+02
8.520000e-06	2.204702e-09	3.767703e-09	1.985617e+01	4.219565e+02
8.530000e-06	2.174280e-09	3.745643e-09	1.958219e+01	4.192087e+02
8.540000e-06	2.143804e-09	3.722971e-09	1.930771e+01	4.164300e+02
8.550000e-06	2.113275e-09	3.698948e-09	1.903276e+01	4.136211e+02
8.560000e-06	2.082695e-09	3.674397e-09	1.875735e+01	4.107826e+02
8.570000e-06	2.052063e-09	3.652045e-09	1.848147e+01	4.079151e+02
8.580000e-06	2.021380e-09	3.631693e-09	1.820512e+01	4.050189e+02
8.590000e-06	1.990645e-09	3.608811e-09	1.792832e+01	4.020945e+02
8.600000e-06	1.959861e-09	3.581357e-09	1.765107e+01	3.991423e+02
8.610000e-06	1.929027e-09	3.551178e-09	1.737337e+01	3.961624e+02
8.620000e-06	1.898144e-09	3.519263e-09	1.709522e+01	3.931549e+02
8.630000e-06	1.867212e-09	3.488583e-09	1.681664e+01	3.901198e+02
8.640000e-06	1.836234e-09	3.459590e-09	1.653765e+01	3.870569e+02
8.650000e-06	1.805208e-09	3.431539e-09	1.625822e+01	3.839659e+02
8.660000e-06	1.774133e-09	3.406743e-09	1.597835e+01	3.808463e+02
8.670000e-06	1.743017e-09	3.384518e-09	1.569810e+01	3.776975e+02
8.680000e-06	1.711850e-09	3.361039e-09	1.541740e+01	3.745185e+02
8.690000e-06	1.680631e-09	3.332030e-09	1.513624e+01	3.713086e+02
8.700000e-06	1.649367e-09	3.298445e-09	1.485467e+01	3.680664e+02
8.710000e-06	1.618064e-09	3.262516e-09	1.457274e+01	3.647906e+02
8.720000e-06	1.586714e-09	3.226341e-09	1.429040e+01	3.614796e+02
8.730000e-06	1.555315e-09	3.192483e-09	1.400760e+01	3.581317e+02
8.740000e-06	1.523878e-09	3.159519e-09	1.372447e+01	3.547450e+02
8.750000e-06	1.492400e-09	3.127013e-09	1.344098e+01	3.513173e+02
8.760000e-06	1.460888e-09	3.094812e-09	1.315717e+01	3.478462e+02
8.770000e-06	1.429346e-09	3.060451e-09	1.287310e+01	3.443293e+02
8.780000e-06	1.397763e-09	3.023778e-09	1.258865e+01	3.407638e+02
8.790000e-06	1.366140e-09	2.988443e-09	1.230385e+01	3.371468e+02
8.800000e-06	1.334482e-09	2.955279e-09	1.201872e+01	3.334753e+02
8.810000e-06	1.302785e-09	2.922091e-09	1.173325e+01	3.297461e+02
8.820000e-06	1.271052e-09	2.888059e-09	1.144745e+01	3.259558e+02
8.830000e-06	1.239289e-09	2.852161e-09	1.116139e+01	3.221009e+02
8.840000e-06	1.207494e-09	2.814522e-09	1.087503e+01	3.181777e+02
8.850000e-06	1.175660e-09	2.776267e-09	1.058832e+01	3.141825e+02
8.860000e-06	1.143792e-09	2.738105e-09	1.030131e+01	3.101115e+02
8.870000e-06	1.111896e-09	2.700758e-09	1.001404e+01	3.059606e+02
8.880000e-06	1.079971e-09	2.663006e-09	9.726521e+00	3.017260e+02
8.890000e-06	1.048018e-09	2.623121e-09	9.438747e+00	2.974035e+02
8.900000e-06	1.016038e-09	2.581366e-09	9.150721e+00	2.929890e+02
8.910000e-06	9.840320e-10	2.538041e-09	8.862466e+00	2.884786e+02
8.920000e-06	9.520047e-10	2.494655e-09	8.574019e+00	2.838681e+02
8.930000e-06	9.199504e-10	2.453086e-09	8.285329e+00	2.791534e+02
8.940000e-06	8.878708e-10	2.412626e-09	7.996410e+00	2.743307e+02
8.950000e-06	8.557726e-10	2.372052e-09	7.707324e+00	2.693959e+02
8.960000e-06	8.236527e-10	2.330392e-09	7.418043e+00	2.643454e+02
8.970000e-06	7.915093e-10	2.286189e-09	7.128550e+00	2.591753e+02
8.980000e-06	7.593418e-10	2.237209e-09	6.838840e+00	2.538822e+02
8.990000e-06	7.271534e-10	2.185442e-09	6.548941e+00	2.484626e+02
9.000000e-06	6.949504e-10	2.134903e-09	6.258911e+00	2.429135e+02
9.010000e-06	6.627330e-10	2.088468e-09	5.968752e+00	2.372318e+02
9.020000e-06	6.304993e-10	2.045902e-09	5.678446e+00	2.314149e+02
9.030000e-06	5.982501e-10	2.001811e-09	5.388000e+00	2.254601e+02
9.040000e-06	5.659861e-10	1.952704e-09	5.097420e+00	2.193653e+02
9.050000e-06	5.337124e-10	1.897749e-09	4.806754e+00	2.131286e+02
9.060000e-06	5.014272e-10	1.838682e-09	4.515983e+00	2.067484e+02
9.070000e-06	4.691314e-10	1.777058e-09	4.225117e+00	2.002233e+02
9.080000e-06	4.368288e-10	1.714900e-09	3.934191e+00	1.935525e+02
9.090000e-06	4.045155e-10	1.657547e-09	3.643168e+00	1.867354e+02
9.100000e-06	3.721927e-10	1.604504e-09	3.352059e+00	1.797717e+02
9.110000e-06	3.398609e-10	1.551174e-09	3.060870e+00	1.726616e+02
9.120000e-06	3.075147e-10	1.493268e-09	2.769550e+00	1.654057e+02
9.130000e-06	2.751557e-10	1.431016e-09	2.478115e+00	1.580050e+02
9.140000e-06	2.427903e-10	1.367532e-09	2.186623e+00	1.504607e+02
9.150000e-06	2.104212e-10	1.302914e-09	1.895097e+00	1.427748e+02
9.160000e-06	1.780522e-10	1.237277e-09	1.603572e+00	1.349494e+02
9.170000e-06	1.456825e-10	1.170609e-09	1.312041e+00	1.269871e+02
9.180000e-06	1.133103e-10	1.103078e-09	1.020488e+00	1.188909e+02
9.190000e-06	8.093873e-11	1.034207e-09	7.289396e-01	1.106644e+02
9.200000e-06	4.856415e-11	9.630416e-10	4.373646e-01	1.023113e+02
9.210000e-06	1.618549e-11	8.878092e-10	1.457526e-01	9.383592e+01
9.220000e-06	-1.618974e-11	8.086797e-10	-1.458283e-01	8.524295e+01
9.230000e-06	-4.856138e-11	7.298858e-10	-4.373770e-01	7.653741e+01
9.240000e-06	-8.093375e-11	6.531055e-10	-7.289322e-01	6.772473e+01
9.250000e-06	-1.133045e-10	5.769909e-10	-1.020473e+00	5.881069e+01
9.260000e-06	-1.456715e-10	4.988599e-10	-1.311980e+00	4.980141e+01
9.270000e-06	-1.780370e-10	4.174101e-10	-1.603473e+00	4.070337e+01
9.280000e-06	-2.103972e-10	3.335184e-10	-1.894919e+00	3.152332e+01
9.290000e-06	-2.427472e-10	2.480975e-10	-2.186272e+00	2.226835e+01
9.300000e-06	-2.750886e-10	1.640433e-10	-2.477549e+00	1.294576e+01
9.310000e-06	-3.074192e-10	8.199193e-11	-2.768727e+00	3.563163e+00
9.320000e-06	-3.397411e-10	1.492635e-13	-3.059828e+00	-5.871653e+00
9.330000e-06	-3.720591e-10	-8.224365e-11	-3.350894e+00	-1.535068e+01
9.340000e-06	-4.043663e-10	-1.649567e-10	-3.641862e+00	-2.486573e+01
9.350000e-06	-4.366594e-10	-2.493619e-10	-3.932703e+00	-3.440848e+01
9.360000e-06	-4.689417e-10	-3.381322e-10	-4.223447e+00	-4.397049e+01
9.370000e-06	-5.012158e-10	-4.293748e-10	-4.514117e+00	-5.354321e+01
9.380000e-06	-5.334826e-10	-5.196569e-10	-4.804721e+00	-6.311804e+01
9.390000e-06	-5.657366e-10	-6.068088e-10	-5.095211e+00	-7.268633e+01
9.400000e-06	-5.979753e-10	-6.893944e-10	-5.385561e+00	-8.223946e+01
9.410000e-06	-6.301985e-10	-7.689198e-10	-5.675774e+00	-9.176878e+01
9.420000e-06	-6.624021e-10	-8.471522e-10	-5.965809e+00	-1.012657e+02
9.430000e-06	-6.945853e-10	-9.253728e-10	-6.255661e+00	-1.107218e+02
9.440000e-06	-7.267486e-10	-1.004937e-09	-6.545332e+00	-1.201286e+02
9.450000e-06	-7.588924e-10	-1.085767e-09	-6.834829e+00	-1.294780e+02
9.460000e-06	-7.910103e-10	-1.166785e-09	-7.124093e+00	-1.387617e+02
9.470000e-06	-8.231026e-10	-1.246577e-09	-7.413126e+00	-1.479719e+02
9.480000e-06	-8.551737e-10	-1.323839e-09	-7.701967e+00	-1.571010e+02
9.490000e-06	-8.872202e-10	-1.397475e-09	-7.990587e+00	-1.661414e+02
9.500000e-06	-9.192409e-10	-1.468157e-09	-8.278975e+00	-1.750860e+02
9.510000e-06	-9.512395e-10	-1.539275e-09	-8.567164e+00	-1.839279e+02
9.520000e-06	-9.832156e-10	-1.612598e-09	-8.855150e+00	-1.926604e+02
9.530000e-06	-1.015161e-09	-1.686883e-09	-9.142863e+00	-2.012773e+02
9.540000e-06	-1.047082e-09	-1.759557e-09	-9.430350e+00	-2.097726e+02
9.550000e-06	-1.078977e-09	-1.829103e-09	-9.717603e+00	-2.181408e+02
9.560000e-06	-1.110839e-09	-1.897076e-09	-1.000456e+01	-2.263766e+02
9.570000e-06	-1.142666e-09	-1.965621e-09	-1.029121e+01	-2.344752e+02
9.580000e-06	-1.174459e-09	-2.034863e-09	-1.057754e+01	-2.424321e+02
9.590000e-06	-1.206218e-09	-2.102465e-09	-1.086358e+01	-2.502433e+02
9.600000e-06	-1.237939e-09	-2.167604e-09	-1.114926e+01	-2.579052e+02
9.610000e-06	-1.269622e-09	-2.231985e-09	-1.143461e+01	-2.654146e+02
9.620000e-06	-1.301276e-09	-2.295203e-09	-1.171969e+01	-2.727686e+02
9.630000e-06	-1.332893e-09	-2.356136e-09	-1.200445e+01	-2.799649e+02
9.640000e-06	-1.364471e-09	-2.418388e-09	-1.228885e+01	-2.870014e+02
9.650000e-06	-1.396019e-09	-2.483597e-09	-1.257297e+01	-2.938768e+02
9.660000e-06	-1.427530e-09	-2.550042e-09	-1.285677e+01	-3.005899e+02
9.670000e-06	-1.458999e-09	-2.614033e-09	-1.314019e+01	-3.071398e+02
9.680000e-06	-1.490427e-09	-2.670996e-09	-1.342324e+01	-3.135264e+02
9.690000e-06	-1.521814e-09	-2.722931e-09	-1.370592e+01	-3.197497e+02
9.700000e-06	-1.553159e-09	-2.772400e-09	-1.398822e+01	-3.258102e+02
9.710000e-06	-1.584460e-09	-2.821395e-09	-1.427013e+01	-3.317087e+02
9.720000e-06	-1.615716e-09	-2.870741e-09	-1.455163e+01	-3.374464e+02
9.730000e-06	-1.646930e-09	-2.922403e-09	-1.483275e+01	-3.430249e+02
9.740000e-06	-1.678102e-09	-2.979604e-09	-1.511350e+01	-3.484460e+02
9.750000e-06	-1.709229e-09	-3.036608e-09	-1.539383e+01	-3.537119e+02
9.760000e-06	-1.740306e-09	-3.085313e-09	-1.567372e+01	-3.588251e+02
9.770000e-06	-1.771332e-09	-3.123699e-09	-1.595315e+01	-3.637884e+02
9.780000e-06	-1.802312e-09	-3.157745e-09	-1.623217e+01	-3.686047e+02
9.790000e-06	-1.833242e-09	-3.193805e-09	-1.651073e+01	-3.732773e+02
9.800000e-06	-1.864115e-09	-3.233887e-09	-1.678878e+01	-3.778097e+02
9.810000e-06	-1.894941e-09	-3.277154e-09	-1.706641e+01	-3.822056e+02
9.820000e-06	-1.925720e-09	-3.322161e-09	-1.734361e+01	-3.864687e+02
9.830000e-06	-1.956448e-09	-3.369161e-09	-1.762036e+01	-3.906031e+02
9.840000e-06	-1.987127e-09	-3.412135e-09	-1.789666e+01	-3.946129e+02
9.850000e-06	-2.017760e-09	-3.446625e-09	-1.817255e+01	-3.985024e+02
9.860000e-06	-2.048343e-09	-3.475157e-09	-1.844800e+01	-4.022758e+02
9.870000e-06	-2.078873e-09	-3.503583e-09	-1.872296e+01	-4.059376e+02
9.880000e-06	-2.109353e-09	-3.536688e-09	-1.899747e+01	-4.094921e+02
9.890000e-06	-2.139778e-09	-3.573181e-09	-1.927149e+01	-4.129439e+02
9.900000e-06	-2.170148e-09	-3.609963e-09	-1.954501e+01	-4.162974e+02
9.910000e-06	-2.200463e-09	-3.642685e-09	-1.981803e+01	-4.195571e+02
9.920000e-06	-2.230718e-09	-3.670697e-09	-2.009051e+01	-4.227274e+02
9.930000e-06	-2.260914e-09	-3.695511e-09	-2.036247e+01	-4.258126e+02
9.940000e-06	-2.291051e-09	-3.718284e-09	-2.063389e+01	-4.288171e+02
9.950000e-06	-2.321123e-09	-3.742468e-09	-2.090473e+01	-4.317452e+02
9.960000e-06	-2.351132e-09	-3.770805e-09	-2.117500e+01	-4.346009e+02
9.970000e-06	-2.381078e-09	-3.802965e-09	-2.144470e+01	-4.373882e+02
9.980000e-06	-2.410958e-09	-3.835308e-09	-2.171382e+01	-4.401112e+02
9.990000e-06	-2.440776e-09	-3.864586e-09	-2.198236e+01	-4.427734e+02
1.000000e-05	-2.470534e-09	-3.890575e-09	-2.225037e+01	-4.453787e+02
1.001000e-05	-2.500233e-09	-3.914348e-09	-2.251785e+01	-4.479304e+02
1.002000e-05	-2.529871e-09	-3.936549e-09	-2.278477e+01	-4.504318e+02
1.003000e-05	-2.559443e-09	-3.959313e-09	-2.305111e+01	-4.528861e+02
1.004000e-05	-2.588951e-09	-3.984006e-09	-2.331687e+01	-4.552964e+02
1.005000e-05	-2.618394e-09	-4.008881e-09	-2.358204e+01	-4.576652e+02
1.006000e-05	-2.647770e-09	-4.033067e-09	-2.384661e+01	-4.599954e+02
1.007000e-05	-2.677075e-09	-4.055253e-09	-2.411054e+01	-4.622893e+02
1.008000e-05	-2.706312e-09	-4.074331e-09	-2.437386e+01	-4.645492e+02
1.009000e-05	-2.735484e-09	-4.091788e-09	-2.463659e+01	-4.667772e+02
1.010000e-05	-2.764592e-09	-4.110368e-09	-2.489874e+01	-4.689751e+02
1.011000e-05	-2.793635e-09	-4.131613e-09	-2.516032e+01	-4.711446e+02
1.012000e-05	-2.822610e-09	-4.155069e-09	-2.542127e+01	-4.732874e+02
1.013000e-05	-2.851509e-09	-4.178737e-09	-2.568155e+01	-4.754048e+02
1.014000e-05	-2.880338e-09	-4.199848e-09	-2.594119e+01	-4.774980e+02
1.015000e-05	-2.909091e-09	-4.216977e-09	-2.620014e+01	-4.795680e+02
1.016000e-05	-2.937764e-09	-4.231535e-09	-2.645838e+01	-4.816158e+02
1.017000e-05	-2.966355e-09	-4.245981e-09	-2.671588e+01	-4.836421e+02
1.018000e-05	-2.994864e-09	-4.262589e-09	-2.697264e+01	-4.856476e+02
1.019000e-05	-3.023295e-09	-4.283025e-09	-2.722870e+01	-4.876328e+02
1.020000e-05	-3.051637e-09	-4.303450e-09	-2.748396e+01	-4.895980e+02
1.021000e-05	-3.079892e-09	-4.323317e-09	-2.773842e+01	-4.915435e+02
1.022000e-05	-3.108061e-09	-4.343250e-09	-2.799212e+01	-4.934696e+02
1.023000e-05	-3.136146e-09	-4.358889e-09	-2.824507e+01	-4.953762e+02
1.024000e-05	-3.164147e-09	-4.368709e-09	-2.849725e+01	-4.972634e+02
1.025000e-05	-3.192055e-09	-4.373270e-09	-2.874860e+01	-4.991311e+02
1.026000e-05	-3.219868e-09	-4.378654e-09	-2.899909e+01	-5.009793e+02
1.027000e-05	-3.247590e-09	-4.391683e-09	-2.924876e+01	-5.028078e+02
1.028000e-05	-3.275216e-09	-4.414192e-09	-2.949757e+01	-5.046162e+02
1.029000e-05	-3.302760e-09	-4.439757e-09	-2.974564e+01	-5.064045e+02
1.030000e-05	-3.330227e-09	-4.461815e-09	-2.999301e+01	-5.081724e+02
1.031000e-05	-3.357608e-09	-4.482100e-09	-3.023962e+01	-5.099195e+02
1.032000e-05	-3.384903e-09	-4.497341e-09	-3.048544e+01	-5.116457e+02
1.033000e-05	-3.412114e-09	-4.504637e-09	-3.073051e+01	-5.133505e+02
1.034000e-05	-3.439239e-09	-4.505967e-09	-3.097481e+01	-5.150339e+02
1.035000e-05	-3.466273e-09	-4.508535e-09	-3.121828e+01	-5.166954e+02
1.036000e-05	-3.493211e-09	-4.519984e-09	-3.146090e+01	-5.183350e+02
1.037000e-05	-3.520054e-09	-4.539823e-09	-3.170265e+01	-5.199524e+02
1.038000e-05	-3.546804e-09	-4.563637e-09	-3.194357e+01	-5.215474e+02
1.039000e-05	-3.573461e-09	-4.583955e-09	-3.218365e+01	-5.231200e+02
1.040000e-05	-3.600021e-09	-4.599311e-09	-3.242286e+01	-5.246700e+02
1.041000e-05	-3.626491e-09	-4.608113e-09	-3.266126e+01	-5.261974e+02
1.042000e-05	-3.652873e-09	-4.608422e-09	-3.289885e+01	-5.277022e+02
1.043000e-05	-3.679156e-09	-4.607378e-09	-3.313557e+01	-5.291846e+02
1.044000e-05	-3.705339e-09	-4.613449e-09	-3.337139e+01	-5.306446e+02
1.045000e-05	-3.731422e-09	-4.630580e-09	-3.360630e+01	-5.320823e+02
1.046000e-05	-3.757414e-09	-4.652893e-09	-3.384039e+01	-5.334981e+02
1.047000e-05	-3.783319e-09	-4.674012e-09	-3.407369e+01	-5.348921e+02
1.048000e-05	-3.809138e-09	-4.690593e-09	-3.430623e+01	-5.362647e+02
1.049000e-05	-3.834878e-09	-4.701983e-09	-3.453805e+01	-5.376162e+02
1.050000e-05	-3.860529e-09	-4.709505e-09	-3.476907e+01	-5.389471e+02
1.051000e-05	-3.886082e-09	-4.714232e-09	-3.499920e+01	-5.402578e+02
1.052000e-05	-3.911532e-09	-4.719642e-09	-3.522842e+01	-5.415488e+02
1.053000e-05	-3.936872e-09	-4.727206e-09	-3.545664e+01	-5.428207e+02
1.054000e-05	-3.962099e-09	-4.738309e-09	-3.568384e+01	-5.440739e+02
1.055000e-05	-3.987220e-09	-4.751033e-09	-3.591008e+01	-5.453091e+02
1.056000e-05	-4.012238e-09	-4.763883e-09	-3.613541e+01	-5.465269e+02
1.057000e-05	-4.037157e-09	-4.777097e-09	-3.635983e+01	-5.477280e+02
1.058000e-05	-4.061969e-09	-4.789072e-09	-3.658330e+01	-5.489128e+02
1.059000e-05	-4.086672e-09	-4.800899e-09	-3.680578e+01	-5.500823e+02
1.060000e-05	-4.111263e-09	-4.812674e-09	-3.702726e+01	-5.512369e+02
1.061000e-05	-4.135743e-09	-4.823806e-09	-3.724772e+01	-5.523774e+02
1.062000e-05	-4.160111e-09	-4.833899e-09	-3.746719e+01	-5.535044e+02
1.063000e-05	-4.184377e-09	-4.843873e-09	-3.768574e+01	-5.546185e+02
1.064000e-05	-4.208547e-09	-4.854920e-09	-3.790342e+01	-5.557205e+02
1.065000e-05	-4.232614e-09	-4.864404e-09	-3.812018e+01	-5.568108e+02
1.066000e-05	-4.256574e-09	-4.872632e-09	-3.833596e+01	-5.578902e+02
1.067000e-05	-4.280417e-09	-4.881921e-09	-3.855070e+01	-5.589592e+02
1.068000e-05	-4.304140e-09	-4.892073e-09	-3.876436e+01	-5.600183e+02
1.069000e-05	-4.327737e-09	-4.902372e-09	-3.897688e+01	-5.610681e+02
1.070000e-05	-4.351208e-09	-4.912849e-09	-3.918827e+01	-5.621090e+02
1.071000e-05	-4.374562e-09	-4.924081e-09	-3.939860e+01	-5.631414e+02
1.072000e-05	-4.397795e-09	-4.934801e-09	-3.960784e+01	-5.641658e+02
1.073000e-05	-4.420902e-09	-4.946432e-09	-3.981595e+01	-5.651825e+02
1.074000e-05	-4.443878e-09	-4.958535e-09	-4.002288e+01	-5.661918e+02
1.075000e-05	-4.466718e-09	-4.968865e-09	-4.022858e+01	-5.671940e+02
1.076000e-05	-4.489421e-09	-4.977765e-09	-4.043306e+01	-5.681893e+02
1.077000e-05	-4.511992e-09	-4.985519e-09	-4.063634e+01	-5.691779e+02
1.078000e-05	-4.534435e-09	-4.995180e-09	-4.083846e+01	-5.701598e+02
1.079000e-05	-4.556750e-09	-5.004595e-09	-4.103944e+01	-5.711352e+02
1.080000e-05	-4.578943e-09	-5.012008e-09	-4.123931e+01	-5.721041e+02
1.081000e-05	-4.601005e-09	-5.020035e-09	-4.143801e+01	-5.730665e+02
1.082000e-05	-4.622932e-09	-5.027438e-09	-4.163549e+01	-5.740223e+02
1.083000e-05	-4.644742e-09	-5.033221e-09	-4.183192e+01	-5.749715e+02
1.084000e-05	-4.666444e-09	-5.037257e-09	-4.202737e+01	-5.759138e+02
1.085000e-05	-4.688041e-09	-5.042792e-09	-4.222189e+01	-5.768493e+02
1.086000e-05	-4.709533e-09	-5.050834e-09	-4.241545e+01	-5.777775e+02
1.087000e-05	-4.730915e-09	-5.058065e-09	-4.260802e+01	-5.786984e+02
1.088000e-05	-4.752188e-09	-5.065724e-09	-4.279961e+01	-5.796116e+02
1.089000e-05	-4.773347e-09	-5.073996e-09	-4.299017e+01	-5.805169e+02
1.090000e-05	-4.794398e-09	-5.081885e-09	-4.317976e+01	-5.814140e+02
1.091000e-05	-4.815340e-09	-5.089472e-09	-4.336838e+01	-5.823025e+02
1.092000e-05	-4.836168e-09	-5.096833e-09	-4.355596e+01	-5.831822e+02
1.093000e-05	-4.856871e-09	-5.103572e-09	-4.374241e+01	-5.840526e+02
1.094000e-05	-4.877432e-09	-5.109339e-09	-4.392760e+01	-5.849135e+02
1.095000e-05	-4.897855e-09	-5.114855e-09	-4.411153e+01	-5.857645e+02
1.096000e-05	-4.918141e-09	-5.119752e-09	-4.429423e+01	-5.866052e+02
1.097000e-05	-4.938286e-09	-5.123596e-09	-4.447567e+01	-5.874353e+02
1.098000e-05	-4.958296e-09	-5.126947e-09	-4.465588e+01	-5.882545e+02
1.099000e-05	-4.978177e-09	-5.131144e-09	-4.483493e+01	-5.890625e+02
1.100000e-05	-4.997929e-09	-5.134098e-09	-4.501282e+01	-5.898590e+02
1.101000e-05	-5.017557e-09	-5.135657e-09	-4.518960e+01	-5.906436e+02
1.102000e-05	-5.037073e-09	-5.138400e-09	-4.536536e+01	-5.914162e+02
1.103000e-05	-5.056474e-09	-5.143159e-09	-4.554010e+01	-5.921764e+02
1.104000e-05	-5.075763e-09	-5.149800e-09	-4.571382e+01	-5.929242e+02
1.105000e-05	-5.094943e-09	-5.156052e-09	-4.588656e+01	-5.936592e+02
1.106000e-05	-5.114008e-09	-5.160101e-09	-4.605827e+01	-5.943814e+02
1.107000e-05	-5.132937e-09	-5.162612e-09	-4.622874e+01	-5.950906e+02
1.108000e-05	-5.151717e-09	-5.165019e-09	-4.639788e+01	-5.957868e+02
1.109000e-05	-5.170351e-09	-5.166683e-09	-4.656570e+01	-5.964699e+02
1.110000e-05	-5.188841e-09	-5.169778e-09	-4.673223e+01	-5.971398e+02
1.111000e-05	-5.207189e-09	-5.175887e-09	-4.689748e+01	-5.977967e+02
1.112000e-05	-5.225395e-09	-5.181753e-09	-4.706145e+01	-5.984405e+02
1.113000e-05	-5.243466e-09	-5.184425e-09	-4.722420e+01	-5.990714e+02
1.114000e-05	-5.261407e-09	-5.183035e-09	-4.738578e+01	-5.996894e+02
1.115000e-05	-5.279219e-09	-5.181323e-09	-4.754621e+01	-6.002947e+02
1.116000e-05	-5.296906e-09	-5.182140e-09	-4.770550e+01	-6.008876e+02
1.117000e-05	-5.314474e-09	-5.186314e-09	-4.786372e+01	-6.014681e+02
1.118000e-05	-5.331920e-09	-5.194165e-09	-4.802084e+01	-6.020366e+02
1.119000e-05	-5.349225e-09	-5.204428e-09	-4.817670e+01	-6.025934e+02
1.120000e-05	-5.366382e-09	-5.214283e-09	-4.833122e+01	-6.031386e+02
1.121000e-05	-5.383386e-09	-5.220609e-09	-4.848436e+01	-6.036727e+02
1.122000e-05	-5.400238e-09	-5.225128e-09	-4.863614e+01	-6.041960e+02
1.123000e-05	-5.416949e-09	-5.229146e-09	-4.878663e+01	-6.047088e+02
1.124000e-05	-5.433524e-09	-5.232361e-09	-4.893591e+01	-6.052115e+02
1.125000e-05	-5.449971e-09	-5.235782e-09	-4.908405e+01	-6.057045e+02
1.126000e-05	-5.466294e-09	-5.239471e-09	-4.923106e+01	-6.061881e+02
1.127000e-05	-5.482491e-09	-5.243961e-09	-4.937693e+01	-6.066628e+02
1.128000e-05	-5.498562e-09	-5.250243e-09	-4.952167e+01	-6.071290e+02
1.129000e-05	-5.514508e-09	-5.256676e-09	-4.966528e+01	-6.075870e+02
1.130000e-05	-5.530321e-09	-5.261286e-09	-4.980770e+01	-6.080373e+02
1.131000e-05	-5.545983e-09	-5.263009e-09	-4.994875e+01	-6.084802e+02
1.132000e-05	-5.561476e-09	-5.262777e-09	-5.008829e+01	-6.089162e+02
1.133000e-05	-5.576792e-09	-5.263198e-09	-5.022623e+01	-6.093455e+02
1.134000e-05	-5.591930e-09	-5.265287e-09	-5.036256e+01	-6.097687e+02
1.135000e-05	-5.606896e-09	-5.268384e-09	-5.049736e+01	-6.101860e+02
1.136000e-05	-5.621701e-09	-5.273622e-09	-5.063070e+01	-6.105977e+02
1.137000e-05	-5.636360e-09	-5.281625e-09	-5.076272e+01	-6.110042e+02
1.138000e-05	-5.650888e-09	-5.288298e-09	-5.089356e+01	-6.114058e+02
1.139000e-05	-5.665288e-09	-5.291224e-09	-5.102325e+01	-6.118027e+02
1.140000e-05	-5.679560e-09	-5.292893e-09	-5.115179e+01	-6.121952e+02
1.141000e-05	-5.693691e-09	-5.295998e-09	-5.127906e+01	-6.125836e+02
1.142000e-05	-5.707666e-09	-5.299963e-09	-5.140492e+01	-6.129680e+02
1.143000e-05	-5.721473e-09	-5.301184e-09	-5.152927e+01	-6.133486e+02
1.144000e-05	-5.735115e-09	-5.298230e-09	-5.165213e+01	-6.137256e+02
1.145000e-05	-5.748598e-09	-5.295922e-09	-5.177357e+01	-6.140990e+02
1.146000e-05	-5.761937e-09	-5.297749e-09	-5.189370e+01	-6.144691e+02
1.147000e-05	-5.775146e-09	-5.302347e-09	-5.201266e+01	-6.148359e+02
1.148000e-05	-5.788223e-09	-5.310244e-09	-5.213044e+01	-6.151995e+02
1.149000e-05	-5.801162e-09	-5.320292e-09	-5.224697e+01	-6.155599e+02
1.150000e-05	-5.813964e-09	-5.327672e-09	-5.236227e+01	-6.159170e+02
1.151000e-05	-5.826630e-09	-5.328730e-09	-5.247634e+01	-6.162710e+02
1.152000e-05	-5.839146e-09	-5.323463e-09	-5.258907e+01	-6.166218e+02
1.153000e-05	-5.851500e-09	-5.316095e-09	-5.270033e+01	-6.169694e+02
1.154000e-05	-5.863685e-09	-5.311790e-09	-5.281007e+01	-6.173136e+02
1.155000e-05	-5.875705e-09	-5.312336e-09	-5.291832e+01	-6.176545e+02
1.156000e-05	-5.887577e-09	-5.315487e-09	-5.302525e+01	-6.179919e+02
1.157000e-05	-5.899313e-09	-5.320637e-09	-5.313095e+01	-6.183258e+02
1.158000e-05	-5.910909e-09	-5.325858e-09	-5.323539e+01	-6.186561e+02
1.159000e-05	-5.922359e-09	-5.327554e-09	-5.333851e+01	-6.189826e+02
1.160000e-05	-5.933662e-09	-5.324315e-09	-5.344031e+01	-6.193053e+02
1.161000e-05	-5.944829e-09	-5.317135e-09	-5.354087e+01	-6.196240e+02
1.162000e-05	-5.955855e-09	-5.311604e-09	-5.364018e+01	-6.199387e+02
1.163000e-05	-5.966714e-09	-5.312391e-09	-5.373798e+01	-6.202491e+02
1.164000e-05	-5.977387e-09	-5.316439e-09	-5.383410e+01	-6.205553e+02
1.165000e-05	-5.987870e-09	-5.318637e-09	-5.392852e+01	-6.208571e+02
1.166000e-05	-5.998168e-09	-5.318907e-09	-5.402127e+01	-6.211544e+02
1.167000e-05	-6.008295e-09	-5.319365e-09	-5.411247e+01	-6.214471e+02
1.168000e-05	-6.018259e-09	-5.322399e-09	-5.420221e+01	-6.217352e+02
1.169000e-05	-6.028054e-09	-5.326582e-09	-5.429043e+01	-6.220186e+02
1.170000e-05	-6.037655e-09	-5.327095e-09	-5.437689e+01	-6.222972e+02
1.171000e-05	-6.047057e-09	-5.324097e-09	-5.446157e+01	-6.225709e+02
1.172000e-05	-6.056291e-09	-5.320813e-09	-5.454474e+01	-6.228398e+02
1.173000e-05	-6.065376e-09	-5.319091e-09	-5.462655e+01	-6.231039e+02
1.174000e-05	-6.074320e-09	-5.317421e-09	-5.470711e+01	-6.233630e+02
1.175000e-05	-6.083136e-09	-5.314579e-09	-5.478651e+01	-6.236173e+02
1.176000e-05	-6.091826e-09	-5.312405e-09	-5.486478e+01	-6.238667e+02
1.177000e-05	-6.100389e-09	-5.313447e-09	-5.494189e+01	-6.241114e+02
1.178000e-05	-6.108819e-09	-5.317788e-09	-5.501782e+01	-6.243512e+02
1.179000e-05	-6.117109e-09	-5.320101e-09	-5.509248e+01	-6.245863e+02
1.180000e-05	-6.125252e-09	-5.320421e-09	-5.516582e+01	-6.248168e+02
1.181000e-05	-6.133254e-09	-5.321115e-09	-5.523789e+01	-6.250428e+02
1.182000e-05	-6.141124e-09	-5.321615e-09	-5.530877e+01	-6.252642e+02
1.183000e-05	-6.148840e-09	-5.322460e-09	-5.537826e+01	-6.254813e+02
1.184000e-05	-6.156368e-09	-5.322099e-09	-5.544606e+01	-6.256940e+02
1.185000e-05	-6.163702e-09	-5.322870e-09	-5.551211e+01	-6.259026e+02
1.186000e-05	-6.170866e-09	-5.327173e-09	-5.557663e+01	-6.261071e+02
1.187000e-05	-6.177886e-09	-5.332674e-09	-5.563985e+01	-6.263076e+02
1.188000e-05	-6.184762e-09	-5.335650e-09	-5.570179e+01	-6.265042e+02
1.189000e-05	-6.191489e-09	-5.336800e-09	-5.576237e+01	-6.266970e+02
1.190000e-05	-6.198065e-09	-5.339380e-09	-5.582160e+01	-6.268861e+02
1.191000e-05	-6.204494e-09	-5.341682e-09	-5.587950e+01	-6.270716e+02
1.192000e-05	-6.210787e-09	-5.342505e-09	-5.593617e+01	-6.272536e+02
1.193000e-05	-6.216934e-09	-5.341471e-09	-5.599153e+01	-6.274321e+02
1.194000e-05	-6.222897e-09	-5.340488e-09	-5.604524e+01	-6.276071e+02
1.195000e-05	-6.228649e-09	-5.342062e-09	-5.609704e+01	-6.277788e+02
1.196000e-05	-6.234212e-09	-5.346702e-09	-5.614714e+01	-6.279471e+02
1.197000e-05	-6.239628e-09	-5.352551e-09	-5.619592e+01	-6.281120e+02
1.198000e-05	-6.244905e-09	-5.356516e-09	-5.624345e+01	-6.282736e+02
1.199000e-05	-6.250029e-09	-5.359731e-09	-5.628960e+01	-6.284317e+02
1.200000e-05	-6.254993e-09	-5.363711e-09	-5.633431e+01	-6.285863e+02
1.201000e-05	-6.259809e-09	-5.365850e-09	-5.637767e+01	-6.287374e+02
1.202000e-05	-6.264495e-09	-5.361686e-09	-5.641988e+01	-6.288848e+02
1.203000e-05	-6.269045e-09	-5.355095e-09	-5.646086e+01	-6.290284e+02
1.204000e-05	-6.273412e-09	-5.352492e-09	-5.650019e+01	-6.291681e+02
1.205000e-05	-6.277567e-09	-5.353182e-09	-5.653761e+01	-6.293037e+02
1.206000e-05	-6.281537e-09	-5.354029e-09	-5.657337e+01	-6.294349e+02
1.207000e-05	-6.285364e-09	-5.353745e-09	-5.660783e+01	-6.295617e+02
1.208000e-05	-6.289053e-09	-5.353793e-09	-5.664105e+01	-6.296837e+02
1.209000e-05	-6.292596e-09	-5.355230e-09	-5.667297e+01	-6.298007e+02
1.210000e-05	-6.295986e-09	-5.356119e-09	-5.670350e+01	-6.299124e+02
1.211000e-05	-6.299225e-09	-5.354022e-09	-5.673267e+01	-6.300186e+02
1.212000e-05	-6.302330e-09	-5.351705e-09	-5.676063e+01	-6.301189e+02
1.213000e-05	-6.305287e-09	-5.352681e-09	-5.678726e+01	-6.302130e+02
1.214000e-05	-6.308043e-09	-5.356034e-09	-5.681209e+01	-6.303006e+02
1.215000e-05	-6.310576e-09	-5.358456e-09	-5.683490e+01	-6.303814e+02
1.216000e-05	-6.312903e-09	-5.356913e-09	-5.685586e+01	-6.304549e+02
1.217000e-05	-6.315052e-09	-5.354448e-09	-5.687521e+01	-6.305210e+02
1.218000e-05	-6.317042e-09	-5.355208e-09	-5.689313e+01	-6.305791e+02
1.219000e-05	-6.318879e-09	-5.358903e-09	-5.690968e+01	-6.306291e+02
1.220000e-05	-6.320564e-09	-5.360908e-09	-5.692485e+01	-6.306704e+02
1.221000e-05	-6.322107e-09	-5.359147e-09	-5.693875e+01	-6.307029e+02
1.222000e-05	-6.323526e-09	-5.356762e-09	-5.695153e+01	-6.307261e+02
1.223000e-05	-6.324783e-09	-5.354835e-09	-5.696285e+01	-6.307399e+02
1.224000e-05	-6.325828e-09	-5.351465e-09	-5.697226e+01	-6.307438e+02
1.225000e-05	-6.326668e-09	-5.345325e-09	-5.697983e+01	-6.307377e+02
1.226000e-05	-6.327353e-09	-5.341164e-09	-5.698600e+01	-6.307212e+02
1.227000e-05	-6.327903e-09	-5.341112e-09	-5.699095e+01	-6.306942e+02
1.228000e-05	-6.328308e-09	-5.343889e-09	-5.699459e+01	-6.306564e+02
1.229000e-05	-6.328567e-09	-5.346596e-09	-5.699693e+01	-6.306078e+02
